661 674
448 581
462 255
555 273
413 491
686 552
582 298
547 468
302 165
304 401
682 108
586 397
666 529
154 524
490 378
683 694
454 265
690 319
413 601
195 667
272 428
95 321
348 710
280 478
417 595
414 302
613 191
258 366
609 520
644 479
705 109
443 593
576 351
635 423
406 215
611 180
599 270
204 218
211 476
402 487
523 229
385 179
429 523
121 642
471 410
308 661
259 689
424 636
662 239
350 634
86 101
468 595
333 319
267 256
508 270
580 137
333 312
119 704
453 302
572 196
681 593
514 389
269 222
617 149
718 506
225 383
666 690
592 242
526 413
507 363
104 186
689 178
365 317
705 503
617 320
481 188
86 560
557 413
168 145
352 653
474 393
97 318
588 314
722 75
213 350
165 375
515 396
383 511
209 335
297 509
688 361
234 499
82 422
274 311
303 661
472 213
249 624
559 562
722 205
150 418
103 115
101 262
268 708
392 625
481 641
406 256
263 277
640 376
260 688
467 656
633 101
78 390
83 155
569 501
474 362
121 96
195 527
193 550
105 139
141 245
645 171
689 280
718 220
551 176
156 535
88 198
299 559
650 161
173 76
702 302
160 647
131 558
645 418
421 163
386 387
129 200
329 218
475 595
229 410
547 489
328 183
577 201
657 78
624 474
655 577
336 474
147 125
542 454
242 103
214 106
211 400
415 691
395 303
276 472
701 277
118 409
404 261
439 109
292 464
383 563
302 78
688 138
196 325
404 622
540 518
190 427
684 504
403 204
127 131
491 183
184 627
697 349
387 273
667 576
222 127
300 115
429 653
470 715
334 244
281 186
206 173
633 652
568 231
356 280
270 676
535 127
466 603
240 313
433 562
621 216
644 159
312 142
122 654
668 497
635 258
512 244
671 587
409 219
626 708
313 95
