580 97
232 346
603 151
154 705
390 82
489 532
634 680
347 105
619 586
120 311
475 459
217 464
338 584
417 93
135 516
462 286
548 391
235 415
626 357
348 371
639 568
610 447
416 373
262 523
691 235
243 703
92 639
323 675
264 693
492 631
715 656
487 139
425 219
157 612
398 711
402 630
317 226
634 363
198 690
116 692
429 229
639 238
430 515
314 626
419 696
668 441
423 430
574 538
158 560
259 533
207 722
428 442
315 450
670 548
216 657
385 433
533 149
349 448
311 97
104 724
389 259
590 313
88 339
463 690
117 245
308 606
446 683
152 364
436 480
550 581
369 516
506 723
179 680
514 227
394 609
531 153
189 153
710 137
202 581
375 528
450 75
443 362
523 144
429 156
255 664
264 444
228 205
181 449
707 574
271 388
138 364
85 119
693 300
120 201
496 614
146 493
432 445
524 161
163 305
212 89
646 504
605 84
114 655
247 90
407 557
424 193
189 409
565 171
167 212
234 547
582 459
307 233
630 241
353 332
499 324
670 288
301 386
356 498
669 544
284 415
606 289
635 602
425 400
341 583
558 288
455 308
393 484
356 555
87 547
318 86
591 573
197 308
298 501
624 481
463 408
353 533
668 319
504 158
612 340
438 617
333 293
122 542
612 533
487 170
443 78
98 550
256 251
493 639
403 195
717 529
557 485
348 279
384 351
439 407
614 144
624 697
341 234
686 317
508 579
724 252
76 607
612 649
493 422
698 550
157 566
538 453
164 703
207 644
409 103
351 690
401 722
714 232
337 571
497 620
317 292
705 315
180 672
332 143
239 108
654 465
184 132
359 466
328 687
137 96
304 189
308 314
257 77
574 232
291 262
665 236
378 337
333 160
637 351
488 708
262 632
463 668
229 467
609 93
464 407
172 426
274 585
316 75
354 680
330 689
593 677
722 520
480 421
428 535
238 612
296 83
134 621
278 216
249 347
354 563
86 614
176 685
85 643
541 511
530 139
592 372
331 384
354 404
82 169
550 307
592 269
649 311
613 136
82 410
627 300
118 467
112 450
496 426
580 165
431 397
725 97
500 510
317 573
488 88
695 413
313 589
474 331
425 149
170 452
120 670
437 446
364 97
696 488
442 149
424 494
678 423
115 159
322 672
709 505
473 610
460 598
460 398
393 522
176 270
418 584
688 494
269 268
409 580
356 131
241 210
449 389
395 379
361 704
595 716
356 542
244 149
223 516
262 128
633 154
177 230
683 110
391 105
701 359
160 189
314 426
595 607
391 365
368 236
625 291
599 361
265 203
547 541
720 518
124 681
169 79
209 634
611 475
486 234
354 681
114 633
595 596
525 108
415 307
456 586
168 212
95 267
576 326
328 114
612 222
498 212
356 82
206 103
384 647
109 167
446 563
707 117
672 215
180 163
246 120
236 245
525 150
630 515
332 686
428 638
619 235
582 208
370 187
695 261
283 589
176 567
453 224
143 501
556 497
408 341
686 162
532 172
293 135
540 398
90 210
539 591
477 431
270 275
688 439
404 310
476 181
137 655
710 554
255 571
357 621
588 286
144 381
583 420
124 109
165 146
400 665
295 371
236 595
376 312
690 467
171 287
582 295
350 590
462 510
429 599
508 110
577 150
711 307
436 139
557 574
108 286
285 368
568 341
490 203
238 76
186 357
122 194
537 416
143 391
248 372
204 174
237 133
716 163
564 145
80 186
492 430
366 329
499 478
434 182
408 383
329 265
497 212
103 435
165 156
405 370
168 440
145 368
612 472
306 409
263 335
88 294
673 219
120 83
487 436
428 189
570 655
519 132
333 376
553 510
255 559
556 478
97 383
540 484
199 384
651 396
576 687
545 598
638 619
548 511
554 573
372 190
565 665
287 94
350 344
111 540
181 191
714 523
336 327
312 224
270 125
499 143
94 380
384 115
464 475
275 483
565 153
460 197
91 192
467 204
330 716
180 605
506 139
394 173
531 413
275 343
244 295
378 174
440 134
651 213
544 288
572 246
596 202
176 188
243 443
202 157
267 375
579 325
590 529
243 251
103 154
101 693
75 107
431 222
411 252
592 495
292 249
593 337
498 458
678 322
705 150
636 156
145 180
633 366
111 100
520 142
417 606
266 223
691 199
200 94
96 628
697 88
305 679
621 284
548 465
677 76
173 346
354 700
160 359
475 495
587 322
233 601
666 453
316 455
515 693
356 541
229 304
307 480
632 75
554 556
587 656
122 628
267 455
381 619
282 289
176 224
598 190
169 294
248 571
390 270
673 535
316 433
672 82
658 81
555 318
119 180
443 397
423 82
323 246
482 559
478 457
615 554
564 348
515 126
78 340
130 686
446 536
631 236
408 130
318 310
327 164
395 208
376 598
107 635
430 271
688 590
490 499
438 498
353 700
636 212
625 674
419 518
513 117
165 705
587 636
616 596
85 231
120 250
203 230
243 107
559 339
644 418
483 507
186 555
153 629
596 305
186 561
561 718
139 564
428 503
395 512
652 553
502 400
466 421
603 459
541 409
568 392
478 478
621 376
336 536
255 78
507 236
87 304
231 681
208 252
377 99
102 637
112 626
615 681
482 481
78 518
643 377
632 280
363 195
625 454
438 222
613 424
526 126
346 234
566 208
622 510
321 259
183 395
577 146
217 559
569 479
160 308
569 555
162 634
520 586
643 243
413 225
638 567
642 386
538 478
250 362
516 622
610 300
674 274
529 574
720 303
522 539
424 190
277 144
188 697
134 139
598 135
123 690
491 405
676 418
235 321
513 658
430 438
128 701
86 564
124 522
598 308
183 209
435 539
533 486
108 272
605 673
191 103
453 429
650 614
279 568
518 366
570 573
134 583
193 714
612 494
540 299
166 448
314 197
405 452
519 284
285 160
562 173
636 362
274 600
612 481
664 167
294 374
444 422
154 297
430 532
531 613
79 619
707 509
635 632
103 348
664 375
536 641
199 605
101 496
349 383
409 510
712 580
413 120
312 483
685 248
300 205
287 404
663 205
566 403
696 419
378 667
678 481
565 601
191 106
217 107
296 219
390 241
430 421
635 705
75 134
283 149
174 293
99 675
253 353
146 611
98 705
120 132
434 287
172 579
176 576
658 119
538 86
576 219
527 333
279 646
656 672
432 709
477 565
613 301
654 588
167 650
657 326
377 305
606 95
132 589
493 514
658 614
352 358
218 246
672 165
177 216
316 320
543 381
592 208
515 128
134 616
150 173
549 364
243 388
75 176
450 556
439 235
310 168
258 509
405 687
584 710
285 575
506 525
133 564
165 659
440 374
161 330
148 257
165 235
540 248
698 113
367 320
228 559
352 636
715 197
160 517
463 446
553 84
667 529
335 618
630 605
362 191
401 454
104 380
598 520
127 209
580 106
310 713
558 210
430 204
165 129
558 575
554 533
273 597
175 406
652 683
210 110
466 271
244 595
493 576
382 352
682 183
153 542
157 532
437 594
402 552
247 331
608 313
502 468
466 515
301 199
253 595
434 399
497 240
538 107
157 576
485 241
618 314
442 250
537 650
220 152
115 122
367 137
720 175
214 472
193 428
301 349
362 317
487 168
193 179
334 700
426 458
406 557
77 339
236 418
664 119
94 652
282 418
88 592
107 304
514 193
679 299
672 182
350 374
256 356
370 626
575 358
346 645
339 222
280 227
438 673
505 725
296 685
522 572
432 529
253 103
536 217
104 108
330 286
344 555
108 457
535 616
623 723
149 170
96 622
491 622
366 182
559 256
675 219
230 175
404 488
570 622
113 341
330 292
518 135
352 124
240 694
188 293
648 580
603 145
399 613
179 233
364 678
346 321
256 377
96 358
685 106
142 434
427 652
608 654
683 686
706 428
464 493
560 469
326 633
189 297
286 646
112 611
717 605
354 487
504 193
588 99
162 288
108 415
540 225
616 370
207 258
96 121
204 658
486 460
353 686
531 697
577 593
615 291
344 329
304 666
539 289
211 350
262 385
619 265
209 166
460 152
371 175
575 375
452 547
97 685
500 291
96 674
620 402
707 211
492 179
238 248
186 279
506 348
180 150
197 465
327 133
240 85
217 425
173 536
509 465
604 285
476 701
712 123
680 528
700 467
175 451
512 273
613 287
615 437
573 168
718 538
311 294
482 271
467 526
711 512
159 570
168 153
362 316
615 585
198 203
248 302
520 104
722 605
436 724
328 327
514 124
687 573
713 460
619 400
479 183
421 126
103 230
422 555
178 539
532 260
619 247
518 503
634 237
344 369
701 129
512 403
535 102
449 352
182 295
512 400
634 584
678 629
654 402
167 472
101 135
426 296
395 257
283 572
435 177
477 124
337 583
507 198
240 370
666 435
448 626
669 217
168 494
566 147
217 604
369 429
464 223
141 451
633 552
699 468
648 80
150 337
270 118
82 138
473 75
150 430
471 401
719 254
642 600
580 405
287 425
249 314
670 586
275 613
313 660
305 167
416 77
666 306
605 535
301 666
500 503
634 504
339 161
288 280
85 253
227 656
669 398
108 475
711 537
226 146
201 184
677 320
342 476
390 103
629 231
484 511
174 517
483 306
409 304
512 305
153 505
634 715
562 480
240 193
88 661
145 281
460 319
126 294
531 686
609 369
543 285
380 158
374 466
114 259
434 219
568 359
272 421
646 91
299 701
281 287
406 637
500 422
214 164
647 127
597 297
110 133
159 549
379 327
397 448
700 486
646 453
492 272
240 551
294 373
697 82
79 515
175 546
562 323
587 197
104 314
307 385
168 509
645 81
652 244
133 527
691 152
241 329
316 331
230 545
144 246
446 538
338 216
445 652
353 80
149 102
478 716
237 257
640 352
388 182
709 454
277 515
595 286
197 541
715 625
566 667
211 253
241 588
677 276
254 101
645 569
337 287
271 130
247 702
617 381
649 278
269 221
376 192
587 530
458 344
190 615
433 500
398 421
603 128
487 508
96 173
580 413
248 584
582 416
142 92
377 143
129 299
567 132
354 388
290 649
577 149
702 649
250 241
707 252
584 213
454 316
624 597
268 526
543 467
550 627
95 671
515 398
617 472
442 576
725 164
517 326
158 227
303 223
163 704
158 462
152 235
392 644
256 417
354 220
420 568
394 273
436 305
429 83
258 659
679 227
200 715
662 454
152 488
725 380
689 500
476 377
189 315
540 500
392 160
284 238
199 293
105 404
353 302
484 214
503 368
321 387
691 168
440 321
691 266
442 442
549 377
670 536
323 646
480 436
412 104
689 580
254 206
324 355
268 197
715 638
676 262
357 416
138 516
530 643
653 272
304 403
138 180
496 90
230 627
220 585
724 711
568 295
138 80
595 345
331 363
387 241
152 646
467 573
548 687
636 534
262 423
722 280
656 589
684 705
284 167
197 235
591 453
539 293
99 629
677 401
193 267
173 213
522 601
543 698
390 437
558 533
229 711
579 107
425 512
546 486
471 119
408 432
77 157
454 94
437 686
534 353
99 647
193 568
170 579
682 216
243 578
632 443
223 551
710 375
524 128
145 487
177 107
189 720
712 400
266 652
626 250
344 699
662 254
673 580
347 241
330 528
627 151
212 196
612 85
202 76
672 448
297 375
568 696
390 448
270 638
251 659
410 690
278 659
484 406
418 522
401 628
224 451
699 328
707 719
294 613
89 172
306 714
188 594
689 358
552 506
588 79
563 674
446 198
498 121
276 437
288 578
376 246
444 558
203 85
373 683
168 256
314 564
107 567
184 415
283 676
645 499
407 280
378 517
570 80
75 298
255 515
379 626
148 283
629 573
345 528
169 405
526 246
381 522
695 701
324 325
228 271
412 271
139 163
274 570
232 195
680 471
138 123
453 240
725 264
197 462
95 128
75 332
628 155
217 421
455 688
95 505
142 443
676 555
138 568
495 258
232 692
719 371
456 228
157 640
559 658
724 638
103 577
603 389
644 714
614 221
102 505
388 611
130 178
300 584
260 566
521 222
331 496
544 404
370 243
324 142
318 271
313 239
304 711
632 195
141 125
185 120
507 307
461 650
341 273
528 481
88 496
584 145
123 126
503 563
288 419
372 655
503 373
527 373
139 635
664 149
692 136
359 554
309 652
540 101
539 79
209 604
221 445
150 276
548 607
501 641
554 318
687 100
139 353
321 648
722 419
646 128
657 398
169 677
254 110
520 96
103 545
138 466
556 466
522 336
644 435
219 454
364 122
237 648
691 326
596 481
290 535
634 139
397 207
380 315
379 691
398 158
407 521
671 684
486 148
502 397
145 352
636 271
593 630
482 476
413 266
511 605
700 334
128 97
106 233
662 181
659 679
706 154
274 234
204 375
215 342
510 442
353 305
117 599
101 651
374 491
211 655
84 693
503 435
254 268
240 567
682 576
572 496
341 299
310 204
160 415
103 566
421 580
228 534
712 664
506 266
708 649
605 530
413 435
131 342
498 393
437 512
530 516
407 96
473 286
296 589
659 180
449 89
641 184
300 703
337 579
328 169
210 596
210 305
418 411
616 388
673 125
379 526
293 560
171 483
204 586
283 542
76 584
622 96
598 491
711 331
595 478
197 157
91 111
508 687
100 352
536 224
252 548
450 277
699 636
246 459
687 282
366 151
250 178
148 654
467 479
346 98
260 297
464 641
584 401
207 502
316 231
361 551
549 271
646 156
85 257
519 309
580 537
470 669
194 568
444 279
311 557
312 326
482 646
550 260
501 198
670 605
402 468
720 300
158 419
142 629
251 691
597 720
153 690
137 602
431 344
262 272
295 180
459 543
