45 806
145 416
101 311
434 58
33 856
218 702
738 417
273 698
637 772
279 178
775 614
173 503
395 165
708 810
99 774
207 139
659 10
831 881
840 60
881 495
369 501
827 569
313 504
190 354
401 618
531 147
434 891
639 389
372 119
63 807
529 883
659 266
498 565
189 327
804 173
322 463
546 757
585 375
537 35
382 645
371 727
542 616
435 585
438 784
888 712
711 571
437 848
41 790
328 281
615 571
273 59
491 580
414 541
323 802
90 825
161 192
820 429
99 110
51 513
372 383
854 647
410 63
305 597
15 307
72 595
720 395
737 866
629 193
590 715
864 460
40 584
210 734
637 552
508 820
440 402
586 463
528 706
729 74
448 570
40 479
323 672
727 887
314 5
769 168
729 373
211 383
795 406
222 597
377 516
519 620
222 693
686 385
483 219
280 420
218 105
127 23
589 686
371 560
756 481
121 254
207 744
543 363
248 667
832 601
875 780
88 98
273 96
830 396
422 649
863 73
548 292
717 134
238 832
331 70
387 117
290 163
304 865
638 370
478 785
330 453
323 520
12 324
541 637
637 406
788 159
814 600
725 863
310 628
606 483
179 824
52 194
509 884
386 530
122 148
268 161
381 385
609 513
17 376
614 549
201 14
816 557
274 499
495 746
378 337
660 640
589 549
587 776
52 669
705 63
855 242
376 537
278 114
192 373
53 264
738 287
702 53
375 848
596 67
93 610
402 333
96 425
183 283
681 673
7 644
802 582
638 634
680 800
774 198
184 26
462 176
807 829
84 347
869 689
59 685
31 185
592 516
408 335
185 40
371 307
724 149
48 304
233 814
818 164
302 755
646 464
299 49
509 842
581 627
605 715
864 150
246 689
558 177
606 712
497 419
345 162
12 612
277 489
113 498
653 788
348 705
319 685
885 732
309 347
872 799
273 564
869 463
861 8
530 728
284 209
348 691
780 698
795 825
590 820
123 629
547 805
624 529
802 546
168 493
129 544
91 692
688 474
852 302
683 24
412 682
457 796
836 888
490 308
504 736
13 679
301 316
546 436
510 350
309 729
811 532
484 346
108 798
123 64
107 300
860 266
100 47
628 42
793 456
697 87
602 245
235 363
882 669
151 405
172 840
238 118
510 192
299 824
529 121
378 303
49 328
385 786
790 220
255 795
141 865
280 161
23 577
505 824
773 457
289 729
498 708
806 878
447 120
445 666
67 449
421 459
172 242
245 775
128 606
541 36
45 642
243 601
885 845
37 579
673 629
859 880
186 31
79 824
600 67
718 58
851 79
313 698
797 155
470 122
257 198
877 99
739 600
731 347
522 867
240 576
26 509
549 239
597 125
379 448
372 481
688 816
90 107
307 857
586 619
342 530
686 445
139 192
486 717
876 538
189 875
862 446
728 21
304 411
245 748
414 565
571 801
673 284
432 340
464 27
270 740
197 62
574 697
552 454
767 392
235 412
66 66
39 325
682 140
426 459
352 367
815 321
482 671
413 120
13 886
80 479
609 98
500 304
260 502
624 555
702 308
269 854
534 108
553 654
593 515
869 666
471 94
841 519
772 549
146 636
468 338
815 13
186 757
156 376
681 216
182 645
195 482
147 516
720 307
793 553
722 241
142 586
24 529
183 796
437 496
236 351
659 61
573 577
659 886
653 347
781 435
629 684
669 403
106 797
322 241
655 397
667 352
677 87
775 797
242 802
643 589
397 546
99 680
627 659
642 853
277 120
444 353
86 537
101 115
16 118
608 545
881 413
259 151
632 45
66 311
131 393
106 308
698 544
323 271
453 527
171 276
414 525
704 251
568 447
95 259
826 857
112 618
202 100
870 48
685 101
714 353
676 333
156 125
738 593
60 733
89 463
28 35
660 690
709 846
225 800
752 724
720 93
673 847
754 526
327 75
122 568
876 95
510 732
352 851
525 785
510 31
311 328
645 125
443 879
220 459
793 454
538 737
26 718
320 369
342 71
162 576
521 99
496 802
812 434
138 689
696 424
554 837
373 437
661 520
278 211
392 224
476 511
391 315
192 814
828 421
346 27
276 564
112 116
703 509
852 836
359 779
199 182
628 217
722 869
510 250
433 280
734 253
381 620
202 559
306 820
858 297
509 713
19 379
847 317
443 174
264 554
608 462
218 570
711 44
734 488
710 193
827 510
123 549
210 429
529 219
285 293
264 504
568 696
634 558
242 644
672 252
366 33
29 470
351 442
294 61
777 284
125 409
570 867
367 736
50 709
637 598
626 764
268 839
781 401
504 820
382 494
56 251
223 777
181 221
366 79
759 171
48 768
362 369
231 323
55 551
501 436
802 795
413 322
575 454
785 252
684 198
128 770
449 802
28 774
639 85
353 390
820 388
553 348
278 359
760 140
292 661
688 859
228 26
71 184
660 150
770 381
564 508
563 549
330 108
505 305
425 650
97 212
849 133
540 823
341 276
639 251
191 210
878 403
709 806
119 123
861 352
427 647
869 203
705 215
687 175
22 122
643 794
238 815
426 451
191 300
172 565
860 592
101 298
345 665
640 538
839 242
539 722
525 535
778 504
572 495
848 128
772 50
194 754
524 273
237 64
689 367
141 845
547 699
755 308
97 128
647 86
468 582
850 609
362 294
511 625
452 587
584 412
193 216
254 228
52 396
77 169
220 576
671 224
825 737
317 728
615 851
852 481
391 449
373 198
368 558
455 587
662 796
691 131
582 103
201 79
748 475
287 135
522 553
571 752
757 52
554 779
801 551
332 722
33 37
792 587
238 298
811 194
469 865
544 399
347 89
456 769
876 782
58 224
752 718
386 379
682 250
508 141
644 582
360 47
471 39
640 714
385 260
858 253
731 219
456 312
728 221
154 799
108 360
396 631
767 28
240 856
479 90
766 642
590 830
582 427
621 669
635 69
347 700
407 314
619 405
575 175
586 778
595 208
778 87
801 100
611 258
144 96
342 199
480 27
392 445
278 810
365 508
717 485
251 832
462 636
636 32
797 644
874 193
53 358
497 785
220 666
679 794
350 843
75 799
426 275
773 844
410 435
297 87
697 610
556 743
145 214
152 350
183 514
492 434
368 537
693 84
846 321
146 321
786 817
751 585
817 571
296 521
353 755
397 523
202 51
269 104
712 36
506 213
173 808
804 89
800 360
173 652
353 526
837 586
576 460
500 685
465 713
136 865
598 371
805 234
672 665
319 489
568 531
833 389
202 493
487 235
312 449
720 65
515 861
255 496
115 498
130 634
152 197
836 721
715 97
56 333
89 646
611 512
659 735
104 498
252 537
195 461
374 336
737 719
827 589
562 109
100 554
71 671
407 298
769 63
72 377
510 482
711 39
769 561
611 767
642 57
700 149
70 345
278 259
430 823
268 306
663 340
765 823
422 774
613 756
854 206
442 374
643 499
841 407
498 53
637 578
148 762
333 257
866 92
331 640
263 785
345 736
751 475
560 417
674 829
544 532
724 752
415 298
771 464
109 349
31 341
521 464
736 119
504 84
693 228
383 766
60 827
478 397
592 818
747 206
590 448
482 770
199 808
236 555
445 50
633 134
489 732
650 267
696 704
55 145
697 866
696 203
610 438
320 100
601 345
584 360
259 788
491 708
349 610
314 801
257 360
460 487
167 42
100 612
234 840
451 115
590 73
537 580
782 66
489 565
534 309
852 424
843 738
69 171
806 803
275 81
283 785
51 177
597 749
54 641
654 417
774 184
337 193
415 125
369 547
766 477
575 395
859 195
490 603
303 455
697 837
731 210
259 685
203 500
864 50
866 650
200 431
127 140
166 151
190 605
327 840
44 66
755 93
533 114
232 472
867 69
122 576
360 353
67 625
146 487
545 459
715 248
134 496
132 273
683 744
857 742
148 830
823 778
435 775
455 659
168 460
616 170
428 108
808 538
206 520
90 564
785 659
297 453
784 826
401 638
226 83
239 496
649 49
771 165
244 717
173 87
262 855
69 773
646 354
558 178
757 837
223 737
107 579
261 429
238 789
790 520
789 273
513 88
125 219
94 311
392 155
631 681
212 343
633 775
586 711
241 586
505 485
538 289
513 682
337 859
185 46
841 492
469 784
455 276
855 836
453 221
357 778
541 540
620 799
703 362
205 673
685 298
616 621
90 198
853 499
647 588
807 332
717 208
391 615
628 547
613 387
59 555
859 148
108 850
738 521
696 638
201 101
136 201
815 704
193 854
83 43
719 543
405 184
541 589
38 515
786 630
286 312
498 843
219 821
347 345
559 553
503 467
771 394
337 723
549 225
277 276
49 141
751 683
441 256
324 364
227 189
80 836
119 39
572 755
219 728
635 175
103 718
480 213
263 846
44 544
601 470
727 291
230 552
477 401
660 77
635 579
649 300
789 731
359 86
593 503
649 743
337 390
672 492
377 518
105 126
322 57
807 841
364 664
243 422
521 86
400 185
825 64
440 806
748 81
315 214
110 643
140 611
510 129
313 789
410 429
101 310
271 368
756 651
627 630
318 95
361 696
444 559
371 88
279 57
815 788
399 338
526 744
95 182
50 315
782 835
411 565
186 481
579 564
565 140
821 169
146 282
436 504
139 75
637 57
787 224
63 473
815 168
218 205
233 605
846 110
520 122
754 581
44 541
209 108
435 167
413 756
833 748
841 135
429 456
745 129
516 115
61 139
220 451
560 306
833 727
806 177
725 796
799 434
75 79
823 443
748 296
613 130
818 767
490 513
194 211
745 762
464 524
138 145
837 451
420 186
635 254
593 209
271 374
763 279
585 303
271 73
595 369
577 466
650 742
172 373
161 651
219 203
389 847
700 287
821 398
616 572
844 680
107 237
792 602
108 305
508 196
582 55
630 353
288 570
88 243
738 280
339 60
566 72
246 536
641 449
468 783
633 302
645 799
541 456
104 265
424 475
689 684
48 212
294 330
149 429
834 134
44 846
91 744
813 763
618 182
731 198
618 671
505 670
373 274
547 582
837 744
856 645
564 482
436 113
323 777
436 485
592 418
212 448
128 527
57 707
580 694
199 364
316 340
459 696
193 155
552 256
328 822
74 820
311 586
831 698
726 711
326 670
119 502
186 643
779 543
785 313
205 461
496 83
361 552
131 724
541 806
149 392
166 235
296 638
717 254
484 208
436 807
694 414
476 268
598 678
71 268
546 548
632 569
791 376
268 300
544 561
583 472
854 417
609 407
52 82
100 463
552 172
121 554
381 333
838 366
117 123
342 660
478 730
623 320
127 240
707 474
490 320
615 278
114 103
614 105
688 449
396 336
835 736
441 219
181 131
121 731
691 400
407 190
376 446
164 688
497 229
516 419
374 494
730 775
703 618
163 643
451 624
730 820
266 119
397 77
432 381
577 409
538 801
361 730
668 156
92 711
290 693
85 816
650 310
273 333
47 410
439 183
377 293
518 347
361 703
584 612
481 336
592 343
227 755
352 279
635 449
259 448
407 749
835 511
401 809
582 631
652 257
509 284
145 668
348 733
67 138
837 283
391 194
685 376
527 646
145 258
225 540
268 835
138 65
546 262
359 648
807 535
137 469
468 669
190 599
256 89
760 341
842 267
483 391
828 438
382 326
850 235
84 492
123 393
517 516
384 589
396 495
463 667
457 694
235 724
288 749
373 488
814 457
839 510
612 573
411 746
394 135
758 716
504 257
231 202
128 177
768 690
483 663
706 604
164 315
564 240
370 715
370 196
669 298
215 610
585 685
358 346
671 327
640 664
548 514
338 734
797 408
163 521
532 298
451 753
651 841
478 149
212 389
112 594
228 788
188 617
569 336
548 303
464 368
614 180
458 163
56 361
214 637
191 331
134 161
183 818
485 664
180 232
463 845
377 548
320 339
329 59
311 519
342 596
372 85
775 352
770 327
371 398
623 260
77 624
800 67
138 557
847 74
747 827
655 819
777 777
133 275
469 622
716 571
531 606
292 829
606 430
535 176
263 780
385 580
790 216
346 335
139 515
161 282
96 217
563 170
734 360
362 356
525 391
545 241
159 543
725 584
631 211
314 630
126 439
812 748
413 449
63 406
575 455
324 462
440 217
309 420
614 741
579 603
506 349
322 189
294 468
457 487
600 440
565 514
174 69
177 220
239 133
734 329
68 845
444 736
781 698
322 718
272 798
629 692
605 145
277 690
187 610
699 568
194 351
126 120
156 634
456 743
156 745
532 429
230 95
358 514
791 357
369 181
498 118
486 716
100 466
527 176
843 630
228 606
599 639
179 155
429 745
503 103
699 117
747 816
138 250
302 609
404 248
509 565
262 500
629 231
599 800
149 576
535 382
175 187
87 131
83 804
330 297
127 434
602 167
338 299
486 442
328 173
446 109
789 481
615 268
757 142
636 330
96 604
536 716
726 625
129 343
107 153
268 242
472 397
799 445
372 741
596 714
501 407
701 844
434 658
229 832
669 651
819 105
248 728
315 443
475 84
228 477
464 690
647 653
595 273
359 606
377 249
568 683
498 675
819 801
530 211
281 492
114 664
146 298
781 248
555 215
361 662
551 783
799 816
106 301
374 670
367 783
516 724
437 690
160 131
836 462
85 730
536 228
127 487
760 305
109 326
771 416
367 393
159 276
139 528
798 735
618 823
543 159
444 194
193 578
64 324
280 718
728 605
315 334
775 59
655 422
471 760
596 293
282 636
200 697
730 386
86 72
198 636
592 647
207 342
606 88
357 482
754 445
625 703
767 682
554 193
593 135
454 772
767 338
436 602
178 176
273 314
202 722
767 800
411 765
378 328
709 115
515 835
198 80
494 122
456 377
170 262
360 402
278 104
801 548
600 431
399 695
689 608
148 647
125 823
668 657
546 95
259 706
785 524
63 551
158 66
292 433
351 298
286 348
245 720
205 458
561 538
788 725
449 86
529 545
269 474
135 210
547 211
76 308
246 531
206 403
706 292
701 551
710 616
89 599
625 383
801 371
774 84
345 227
627 187
499 139
472 424
826 634
686 730
718 192
574 517
473 331
322 99
341 720
332 118
206 131
400 149
628 301
559 765
721 722
623 306
110 104
652 193
209 122
257 694
691 85
237 331
141 663
201 285
588 320
377 263
375 716
402 392
112 254
460 727
778 178
155 824
836 594
180 375
288 287
375 449
752 187
292 317
528 637
243 802
745 693
390 379
614 293
555 458
436 786
615 472
273 552
248 624
588 791
631 579
266 797
546 463
496 581
832 519
390 218
638 679
310 435
574 430
376 173
769 602
681 138
203 200
225 540
719 123
66 417
697 352
85 516
437 709
368 755
77 828
680 258
197 520
813 387
171 143
79 640
266 447
358 67
92 331
620 202
818 179
287 440
264 199
359 747
681 548
191 104
814 806
425 142
291 102
603 78
413 168
759 503
226 827
363 611
269 513
261 342
802 709
612 255
707 595
776 564
802 458
723 230
69 541
658 647
829 770
747 150
213 770
346 490
169 590
101 625
562 777
631 72
225 649
709 637
733 783
82 282
229 627
708 408
834 721
756 208
734 829
472 688
750 431
425 651
528 330
806 554
679 448
533 387
669 689
233 527
327 246
750 116
112 734
399 382
75 745
92 193
423 185
182 350
219 675
820 359
535 517
471 739
420 368
232 379
785 238
224 166
469 90
821 630
417 141
424 779
611 481
466 230
456 393
565 233
207 124
410 719
338 323
511 226
344 688
492 811
765 597
407 810
791 377
822 669
249 560
534 455
169 664
758 463
297 540
281 454
281 525
303 582
197 141
139 541
225 107
305 752
748 638
314 103
283 554
156 545
784 740
703 561
551 714
184 710
299 183
692 617
413 506
351 318
533 180
296 709
518 813
259 687
823 254
708 78
372 291
614 143
428 244
519 235
285 412
566 571
101 203
333 169
646 552
538 819
337 330
554 211
654 736
168 227
771 597
557 677
597 182
190 192
814 288
664 804
682 570
285 690
334 664
586 607
466 732
677 173
125 650
382 267
557 492
415 720
191 585
96 799
830 342
557 522
314 769
550 506
760 687
515 126
430 723
657 615
176 480
593 271
165 769
214 736
753 799
820 663
725 377
103 747
532 397
427 439
447 736
198 387
636 532
321 409
183 698
227 218
156 321
797 562
635 450
790 572
581 424
207 630
555 150
793 330
472 259
613 698
610 423
416 382
241 206
742 602
295 726
107 786
553 295
366 402
445 694
472 571
413 126
674 139
460 605
176 505
500 809
571 813
762 187
370 540
364 717
146 233
511 529
828 801
646 401
531 78
556 240
501 634
701 424
317 536
410 81
584 725
144 760
638 101
454 359
368 356
282 340
717 248
632 197
609 162
796 325
191 255
706 729
586 158
384 113
77 626
550 126
332 453
639 457
404 702
417 288
127 413
698 766
702 529
126 76
646 502
359 245
133 253
818 576
556 740
323 96
810 745
442 719
660 684
761 332
255 193
632 602
486 154
770 647
684 206
819 205
200 116
442 426
251 369
513 714
121 142
598 338
732 689
723 124
670 123
464 302
390 115
768 816
249 739
188 517
807 339
630 191
268 423
408 243
485 607
704 798
803 777
218 457
543 195
226 477
454 734
262 328
359 239
414 219
535 291
622 692
617 469
157 461
703 722
498 806
664 323
502 419
215 685
160 209
229 268
400 154
658 782
266 222
639 128
580 433
423 783
381 647
251 273
483 346
468 505
282 152
817 708
816 670
788 100
817 794
620 174
228 493
582 373
401 99
432 745
342 627
756 387
637 138
767 811
791 169
329 138
445 192
821 627
188 665
526 510
145 654
170 728
605 356
361 756
226 414
259 577
268 84
159 647
539 495
600 668
616 743
432 400
657 393
401 323
383 343
477 174
265 381
806 250
164 711
515 143
698 625
672 661
80 90
531 626
130 604
605 610
291 587
389 498
570 323
549 736
422 407
209 441
489 616
800 297
116 533
466 676
297 622
360 718
347 423
637 362
618 223
791 172
795 691
446 631
687 417
177 394
729 707
707 91
322 306
163 540
156 433
326 445
347 615
330 642
339 571
600 211
200 704
141 400
564 657
731 330
462 610
207 741
113 405
456 328
557 594
95 615
166 590
214 741
227 180
813 220
593 426
471 100
796 393
122 725
554 462
422 329
702 265
753 295
700 367
366 331
435 145
399 263
234 271
132 742
283 236
223 520
250 578
272 184
582 572
208 462
590 551
488 294
278 632
181 347
632 567
222 625
527 232
706 308
722 664
759 260
746 255
213 447
311 445
176 499
530 586
585 425
479 487
166 497
384 369
170 371
442 313
527 736
533 477
254 175
526 145
362 130
706 692
538 696
256 206
497 320
388 215
171 755
623 654
521 719
629 595
470 630
150 514
422 801
369 547
208 752
526 603
505 694
409 128
108 262
370 444
719 570
740 446
509 686
730 613
362 573
237 763
314 501
313 389
386 308
222 684
814 810
701 690
375 651
449 291
122 420
404 658
716 587
578 89
167 752
199 552
206 470
510 255
172 270
471 298
673 132
321 528
135 804
747 165
716 140
229 159
459 414
279 737
702 489
86 390
572 389
442 710
139 123
622 209
410 783
383 355
536 229
429 697
596 204
277 211
480 201
564 640
549 305
119 366
613 235
91 409
583 799
368 608
170 504
160 348
309 268
474 99
220 319
532 234
554 301
418 498
742 448
574 354
440 120
249 511
607 460
706 643
685 750
671 382
391 504
584 568
188 643
760 653
448 143
191 320
225 594
198 279
342 494
433 373
558 718
796 185
182 559
411 550
376 515
228 721
617 684
239 339
813 804
676 400
571 123
94 644
312 345
276 769
526 586
753 568
324 639
248 86
300 307
625 330
107 394
471 491
422 455
413 371
495 504
438 127
687 621
134 570
756 164
308 245
472 578
303 565
670 523
206 168
250 401
683 598
599 447
221 551
596 710
119 262
356 143
606 740
405 121
698 447
582 799
346 324
225 201
344 185
172 582
808 798
683 708
669 91
729 345
434 594
593 290
192 116
708 651
158 315
249 205
468 362
755 197
684 529
809 318
438 241
721 678
696 486
586 657
643 644
687 245
586 756
223 230
241 111
337 332
415 263
307 470
589 373
96 260
342 277
615 170
429 476
581 114
123 149
265 279
637 258
640 382
335 468
776 545
459 115
317 566
397 537
563 725
413 501
696 446
594 384
150 689
113 713
594 406
115 249
439 170
253 523
509 676
101 326
792 681
104 161
539 380
90 384
212 151
685 616
270 795
799 628
698 528
120 747
369 559
718 581
215 790
337 303
382 436
374 139
589 433
409 279
265 503
696 494
470 104
657 729
630 808
287 430
449 788
700 424
201 345
728 711
696 145
791 142
566 364
645 402
709 435
387 380
666 545
237 663
787 240
724 645
462 141
776 290
280 285
789 536
748 661
138 604
426 226
537 112
115 415
712 151
414 675
391 471
220 344
419 759
698 279
258 526
268 282
290 240
198 543
614 122
519 278
463 624
146 674
794 694
193 613
392 501
207 177
106 439
714 236
310 551
670 458
208 366
734 511
530 785
631 196
121 654
418 633
694 482
351 164
585 404
352 310
669 603
795 154
325 245
529 274
789 447
287 541
546 728
370 451
360 107
535 683
750 467
502 588
155 770
145 332
618 639
640 575
471 729
115 787
742 351
731 205
541 576
471 535
600 308
575 731
258 714
604 374
722 651
160 257
738 539
505 759
692 806
112 658
403 329
103 212
348 546
406 543
687 206
358 235
168 254
366 281
499 328
165 352
236 385
692 480
555 621
177 577
623 381
620 760
722 177
621 469
242 180
97 285
463 295
401 410
641 702
749 273
158 369
541 462
340 193
183 477
461 559
457 426
216 653
779 152
250 467
440 366
279 103
754 604
328 694
670 130
538 589
353 371
108 732
157 268
365 248
316 375
177 604
509 803
477 351
536 331
769 441
173 474
111 340
179 133
573 669
376 753
593 518
157 162
804 464
696 275
188 658
301 689
792 102
298 344
505 607
197 317
598 306
469 577
799 292
259 265
569 119
216 689
435 573
438 698
183 245
476 114
604 395
510 286
791 298
416 643
236 678
140 195
692 565
764 377
175 443
766 143
593 608
748 149
448 441
193 661
284 537
579 494
568 113
142 444
413 409
321 149
219 492
527 578
123 755
309 104
268 637
115 693
466 714
553 463
525 422
394 451
300 359
606 745
245 688
210 411
406 506
413 483
232 749
760 122
527 207
393 797
718 660
422 359
114 196
333 656
633 630
224 653
293 721
621 336
353 725
743 639
648 609
182 127
519 263
296 140
352 801
634 788
245 421
718 320
715 290
737 145
393 356
751 701
397 588
465 494
787 597
379 106
489 601
358 645
676 595
356 757
134 411
753 223
488 652
625 197
147 373
258 714
393 611
690 280
427 570
628 764
558 421
281 192
318 301
275 109
207 724
227 301
545 504
762 295
253 415
196 586
344 575
240 121
442 609
458 260
389 690
545 580
471 334
614 235
173 633
118 631
109 636
414 636
723 542
308 438
139 438
200 724
394 282
270 317
170 777
468 590
477 126
638 564
551 239
186 726
526 726
710 625
145 377
669 377
433 172
116 285
789 557
720 690
481 444
556 135
166 237
123 179
357 669
323 223
337 571
474 577
497 777
794 566
558 323
690 716
280 184
128 288
766 120
491 780
300 358
665 582
339 660
717 127
164 199
792 522
700 287
707 177
302 217
741 215
174 618
231 466
238 735
289 785
141 753
392 736
384 776
789 503
224 428
206 318
724 417
232 511
185 516
333 790
457 445
227 378
340 269
197 660
286 560
189 721
290 751
669 455
332 383
748 163
478 540
787 139
544 639
646 190
113 199
788 730
515 257
202 333
446 412
105 297
603 403
386 619
369 200
366 712
661 533
134 388
493 785
671 388
152 424
519 361
221 583
191 366
476 670
151 545
694 533
378 428
203 728
244 557
457 286
299 224
738 729
476 733
422 643
491 514
206 232
382 388
660 171
400 794
279 161
743 726
404 501
119 131
156 296
255 542
118 682
770 741
137 123
669 366
726 429
714 466
643 202
443 650
535 762
704 515
528 507
143 682
113 239
561 163
523 531
124 123
288 247
363 727
158 554
315 167
477 626
729 263
712 450
205 164
746 162
203 479
360 407
136 362
685 125
347 766
283 429
762 170
423 777
590 437
424 413
699 720
140 647
707 512
302 491
166 200
619 788
235 748
542 322
620 525
760 123
304 215
479 220
375 740
555 400
750 153
762 691
141 279
459 261
142 355
301 348
241 351
592 774
220 593
114 556
321 586
670 266
676 442
406 135
688 492
403 675
391 685
357 346
383 118
430 431
238 668
667 786
165 469
520 675
126 735
350 143
340 763
312 529
271 737
244 615
472 745
462 517
469 635
134 758
173 286
162 139
769 493
178 445
356 249
640 296
514 340
466 617
245 289
509 119
194 370
484 147
713 188
699 127
442 409
307 662
351 531
488 760
782 416
557 485
429 552
271 614
215 297
116 709
287 166
558 285
466 292
483 227
756 118
292 757
423 476
261 512
180 215
325 417
713 633
402 298
293 239
445 625
548 310
569 730
278 292
503 315
441 712
232 131
435 690
667 204
630 740
561 475
715 468
592 372
252 467
120 153
692 678
187 692
128 576
615 580
182 271
227 645
384 730
419 612
359 419
270 224
579 207
351 193
608 781
670 265
756 532
780 139
221 207
141 537
366 315
381 360
679 652
127 747
604 298
197 357
161 760
684 753
490 609
445 538
780 388
142 603
132 438
393 523
433 302
367 199
602 227
534 477
743 604
441 454
268 400
569 695
572 396
741 394
484 334
503 713
603 277
631 560
248 377
719 375
202 460
678 492
364 279
185 265
690 372
780 609
206 210
771 470
187 248
366 271
773 470
580 465
145 657
452 166
456 294
193 120
488 755
216 320
463 370
437 132
139 554
477 713
767 718
351 154
279 127
170 548
334 637
435 729
359 146
625 227
271 388
194 503
408 386
192 524
452 193
679 434
129 122
372 519
507 684
204 689
321 634
663 714
675 365
337 451
665 282
528 131
652 764
681 611
533 389
596 742
692 290
351 546
115 730
626 564
459 130
161 140
719 308
403 560
684 414
459 241
724 333
478 290
180 759
559 207
270 254
519 516
518 339
536 594
385 372
470 766
774 297
709 613
213 315
484 162
459 636
727 116
186 184
701 485
641 503
306 665
283 537
571 538
675 522
756 701
681 481
140 689
767 624
435 754
133 480
712 579
213 274
481 568
772 382
458 174
741 356
259 117
782 631
258 168
384 342
370 624
438 122
753 169
269 567
512 557
554 194
665 525
574 344
700 326
712 186
322 399
773 269
453 532
245 777
435 280
531 342
260 709
159 523
594 159
726 693
482 164
162 524
626 404
403 380
657 584
310 150
392 529
315 618
393 688
781 674
122 702
462 291
688 464
158 706
702 649
440 422
528 426
626 653
131 590
244 213
276 166
752 359
645 495
556 308
766 740
775 741
223 338
315 427
530 473
553 646
741 650
657 517
375 477
775 407
410 289
285 150
467 662
252 457
740 181
538 429
675 727
166 704
145 338
355 600
217 122
135 776
565 155
434 765
231 235
620 340
612 197
705 240
460 290
455 311
282 390
632 271
731 140
372 711
775 515
241 677
359 594
548 394
779 716
778 643
508 777
202 407
343 764
622 730
248 142
514 711
303 659
433 598
180 414
769 778
520 449
748 729
387 284
396 150
203 465
325 141
138 531
620 541
708 758
436 688
330 440
572 553
385 314
497 178
442 737
286 305
270 653
332 259
394 620
141 346
137 328
143 617
185 321
544 169
367 763
369 393
661 149
123 594
332 729
336 285
435 432
448 563
541 620
627 605
330 562
722 729
210 234
336 509
603 669
216 758
287 767
661 255
684 207
690 156
276 496
376 154
360 177
324 222
586 421
157 397
663 603
147 485
344 744
739 466
331 568
777 156
307 751
144 566
556 420
486 612
137 587
680 229
704 295
341 123
395 437
714 392
700 688
573 658
254 663
607 312
496 605
553 161
741 208
500 626
429 423
454 261
606 431
452 605
124 402
448 544
619 138
499 738
525 650
320 445
516 298
539 756
745 464
741 487
158 310
730 601
633 739
499 362
661 274
692 582
183 329
508 182
741 671
315 406
582 620
764 297
132 258
464 433
317 449
317 519
734 267
481 676
665 463
464 680
560 675
412 641
511 337
196 667
699 755
652 594
540 498
771 369
669 683
606 713
407 664
224 762
369 547
446 513
519 524
275 369
741 485
439 525
638 572
500 741
586 217
329 622
574 224
276 417
200 305
206 342
661 567
329 450
710 477
332 699
300 745
652 582
183 276
680 642
392 425
428 623
234 346
591 293
493 191
728 408
475 767
166 615
321 237
704 545
305 647
588 676
728 248
405 202
432 667
179 715
605 624
380 636
752 618
452 577
231 147
378 359
636 484
538 262
146 334
169 233
203 169
356 671
168 159
416 458
756 720
751 603
150 439
668 703
690 365
623 562
506 629
490 175
474 233
376 621
633 344
550 264
573 502
385 284
456 540
300 693
346 654
376 158
529 260
384 554
464 679
538 670
645 522
765 617
173 327
363 319
218 425
745 225
688 473
625 714
225 297
272 663
374 318
363 280
344 657
501 284
520 531
755 487
421 551
411 659
727 318
632 731
142 259
343 638
655 395
277 650
358 273
204 297
628 560
573 478
524 330
133 420
208 514
679 599
181 331
761 150
464 442
728 711
571 192
246 258
179 536
716 388
502 605
429 164
291 165
683 212
218 496
375 729
379 279
437 383
238 139
622 453
335 535
684 623
213 522
590 708
732 644
269 396
335 487
142 282
240 689
234 764
407 614
222 441
502 625
358 260
606 392
185 568
468 698
590 466
203 504
198 308
140 359
476 709
627 146
768 265
626 422
728 228
232 210
326 445
447 537
680 473
601 586
706 376
633 265
553 154
134 426
160 197
415 489
523 629
411 740
223 425
569 404
183 654
346 146
556 370
248 328
758 616
170 151
604 638
287 496
207 437
499 283
189 495
525 642
565 362
741 576
214 579
461 453
588 363
624 190
206 153
220 724
365 663
470 169
269 731
330 188
726 413
528 283
186 385
363 584
387 455
219 288
436 320
177 316
387 661
160 692
227 611
144 260
438 201
150 419
357 740
735 336
308 506
723 218
264 381
709 157
740 181
487 347
555 708
255 273
502 486
394 478
429 193
376 537
667 559
666 247
246 752
412 214
516 376
184 478
674 652
398 677
188 306
623 557
539 703
458 542
336 398
610 239
523 249
358 754
513 746
692 683
585 243
699 664
379 431
674 521
612 492
350 524
235 362
284 609
481 248
550 706
362 532
403 253
171 569
513 623
742 259
622 588
212 177
167 718
326 496
592 449
203 751
678 389
293 250
228 290
437 592
678 184
737 227
168 413
258 141
230 503
198 386
329 665
565 536
672 677
572 624
194 663
670 380
223 183
192 139
422 197
213 544
348 620
137 391
690 278
730 669
277 163
562 237
706 367
194 442
627 446
462 726
490 631
374 288
284 496
529 541
721 278
637 600
752 387
750 269
605 530
655 276
250 454
344 720
242 528
494 141
761 310
586 562
740 586
710 427
446 218
330 641
755 411
363 638
417 321
287 626
429 349
202 654
176 497
597 505
186 653
363 631
706 309
636 359
689 344
365 457
483 371
731 575
390 376
400 261
406 653
590 374
642 233
338 244
149 400
317 296
489 392
552 449
229 717
358 410
758 756
612 446
609 216
292 534
717 379
516 199
182 757
404 665
470 299
385 454
214 750
478 469
330 636
151 187
524 222
427 361
703 568
560 214
656 161
523 633
335 473
299 698
639 199
156 713
704 360
215 737
385 706
726 161
513 251
434 689
439 407
243 400
401 252
467 546
484 564
513 474
521 422
407 492
269 228
432 227
194 726
155 587
508 301
538 657
464 620
698 542
357 480
452 703
250 756
491 234
389 215
259 389
310 197
444 603
740 262
533 145
182 180
290 403
511 649
472 242
563 214
721 611
575 373
508 362
429 590
646 542
484 450
737 447
462 504
294 527
359 708
244 711
726 173
624 203
660 564
386 166
447 622
318 748
151 326
484 633
635 522
607 619
329 169
458 411
514 589
451 726
582 355
494 265
753 198
724 689
514 352
252 253
327 486
648 218
280 423
588 174
343 314
662 673
153 689
192 494
266 267
615 257
753 459
621 206
377 578
239 485
528 574
210 513
180 233
337 659
247 346
168 504
314 359
737 645
419 751
703 445
515 290
598 266
731 552
305 644
679 380
345 329
337 686
614 150
509 436
696 605
505 407
709 296
695 330
703 707
608 731
530 462
224 649
243 311
685 643
518 686
334 227
526 413
684 694
510 308
351 352
743 390
580 510
414 644
460 540
198 357
453 371
217 452
235 303
392 163
377 444
273 160
650 316
550 489
241 710
252 178
497 278
359 488
703 383
560 189
506 315
582 684
182 368
381 734
559 285
193 153
294 616
294 256
636 516
729 283
329 311
167 505
275 346
693 352
317 434
598 249
525 388
451 178
446 732
190 695
325 200
333 445
238 646
754 421
344 707
281 221
221 747
544 391
277 639
367 615
364 698
716 721
222 466
567 624
676 302
174 225
421 673
370 638
606 620
344 277
460 260
251 264
351 638
210 596
409 378
692 630
718 389
186 576
411 481
489 549
271 388
396 529
278 363
367 396
317 312
532 261
649 247
201 520
302 210
412 428
377 532
518 156
399 529
295 270
337 745
515 468
204 613
286 307
339 486
331 447
639 377
157 495
267 490
176 380
221 527
288 538
515 656
503 632
549 691
390 304
229 164
640 297
411 304
303 149
549 255
184 719
262 362
462 613
724 322
337 368
618 382
664 651
627 534
483 254
443 533
422 657
706 671
440 416
285 417
220 462
535 536
428 480
584 327
610 558
416 161
235 209
242 601
395 287
168 453
290 739
372 199
510 219
247 501
273 632
534 421
393 305
723 167
453 346
748 678
291 362
547 422
351 725
370 540
496 305
536 182
478 364
266 443
334 687
507 327
184 166
615 183
558 691
347 560
640 158
186 413
370 377
313 437
659 551
660 408
523 247
167 480
672 648
280 332
693 414
485 387
672 486
571 555
229 290
294 651
340 472
182 218
314 178
227 609
384 198
236 612
510 727
333 718
559 642
296 418
645 596
630 349
564 662
288 583
688 357
545 393
190 498
746 725
363 666
271 463
553 300
458 327
509 670
472 723
506 163
288 166
582 412
181 660
262 730
512 219
657 381
589 154
453 634
180 683
232 317
304 709
495 606
638 566
466 644
582 681
461 224
497 156
624 418
509 686
438 714
203 597
395 401
452 307
585 189
215 708
295 609
182 518
708 578
648 404
653 521
667 380
219 245
226 438
276 198
576 545
582 361
707 537
319 687
461 336
445 656
605 397
448 557
327 420
574 587
513 592
524 334
197 646
363 279
434 718
472 373
688 339
330 704
611 234
305 493
192 624
692 236
733 204
277 455
369 376
298 723
210 346
546 362
478 541
189 604
427 684
201 377
334 433
575 589
618 525
239 157
572 570
313 247
711 173
273 290
241 704
713 188
558 480
257 648
167 241
343 217
486 611
298 566
657 261
444 574
339 647
453 637
527 274
348 661
719 724
692 559
456 658
246 422
460 412
577 625
276 739
604 393
190 364
515 161
556 346
240 674
510 523
390 268
521 454
254 217
163 426
334 360
585 574
563 274
519 561
246 560
736 284
368 533
419 441
274 562
486 637
618 450
175 284
579 636
189 209
347 585
169 552
339 204
507 386
451 513
383 390
360 448
373 249
568 723
279 333
727 235
670 402
706 538
557 244
648 298
438 167
550 567
294 738
173 703
519 210
594 478
720 451
496 320
394 313
329 440
686 196
167 180
733 219
612 656
655 580
579 262
590 385
704 245
223 212
452 462
568 555
687 274
357 328
239 408
217 612
388 208
468 240
351 193
498 640
396 518
242 359
738 371
577 448
660 392
324 634
259 374
454 356
732 586
577 428
492 311
355 519
739 727
617 272
365 264
446 548
383 408
208 518
706 694
378 332
198 371
182 236
177 421
583 165
395 350
256 289
714 633
279 692
691 727
454 348
360 704
261 680
630 569
703 288
291 291
510 206
272 218
162 343
515 710
581 187
559 186
323 608
583 383
716 447
508 179
175 388
665 369
627 599
223 377
263 257
289 256
253 605
460 270
326 388
417 733
481 193
310 447
355 187
163 724
449 295
345 450
268 528
211 436
736 256
295 666
643 664
633 579
174 282
579 645
378 707
640 549
196 343
290 425
721 330
307 245
181 651
347 525
567 267
174 579
231 629
722 615
564 293
560 675
340 272
615 513
370 278
245 391
324 578
340 304
562 209
663 690
223 542
533 589
596 732
345 310
262 358
197 516
276 294
714 367
416 474
338 196
422 437
519 335
341 592
514 223
193 343
425 238
606 398
469 460
466 619
270 705
720 215
356 508
662 313
604 561
399 663
166 336
483 372
630 372
169 616
515 665
278 586
259 165
725 368
332 192
612 465
695 283
516 249
665 250
457 518
370 271
520 178
188 655
699 486
241 617
189 556
166 723
193 609
639 279
674 416
598 335
257 513
294 684
535 300
208 663
255 667
421 639
354 568
654 337
293 360
541 652
244 174
473 385
280 476
272 318
381 442
571 534
226 546
650 383
507 577
453 209
499 494
405 282
716 352
166 732
242 374
536 722
195 593
683 651
256 356
208 637
361 655
615 561
402 237
629 382
355 415
534 438
294 586
234 257
178 676
274 563
527 273
430 446
225 597
337 355
188 622
532 442
263 544
423 391
683 572
227 595
248 437
511 242
431 283
615 626
537 442
413 237
257 307
179 717
344 693
267 301
455 381
252 571
344 391
560 293
237 291
240 633
496 220
234 391
408 681
259 420
435 231
430 675
578 635
231 313
677 181
300 520
695 568
642 396
662 678
541 363
695 585
239 723
220 444
594 558
411 402
363 402
214 213
271 314
633 692
547 675
193 496
509 690
700 442
453 281
596 435
286 296
656 585
248 541
461 665
452 728
218 533
631 504
464 216
384 387
646 619
299 226
590 313
319 343
402 461
365 258
566 592
725 268
484 590
259 347
600 627
271 282
221 560
475 654
712 530
324 604
718 332
665 341
348 557
523 674
510 571
533 598
457 419
248 364
314 491
388 647
398 206
621 650
398 317
447 688
686 503
676 536
624 691
257 269
254 496
532 502
559 630
228 723
204 687
650 390
345 591
216 355
379 576
669 413
364 717
531 645
480 478
548 360
287 590
245 600
664 598
178 215
395 369
436 633
464 202
241 435
703 621
251 651
486 597
574 430
234 699
266 562
329 577
616 524
207 668
485 338
272 696
566 282
681 355
340 643
564 667
284 697
404 233
663 337
605 367
261 173
623 680
233 469
470 504
598 508
405 346
625 529
656 216
570 285
278 453
612 550
379 347
483 274
225 446
672 360
346 488
433 342
447 581
429 418
190 534
530 273
655 231
572 262
174 342
664 399
335 208
584 187
626 631
412 607
534 313
259 707
262 237
487 227
250 355
472 466
382 536
531 296
713 369
431 597
203 581
549 175
706 650
506 612
593 224
598 222
659 685
361 299
300 713
362 426
201 267
351 522
253 420
377 675
374 513
651 372
339 270
266 596
512 294
389 304
449 416
257 647
602 633
228 182
403 550
240 685
196 322
196 277
282 697
562 297
398 252
298 393
186 443
213 331
281 520
439 460
627 398
199 175
238 370
293 302
502 453
208 265
327 275
412 345
385 423
494 640
612 650
664 388
318 384
411 602
442 334
251 581
516 377
335 627
508 576
290 340
347 583
384 276
294 389
280 562
315 488
518 708
187 490
289 328
593 265
188 441
590 378
202 477
191 515
212 569
554 285
597 675
554 257
283 197
209 555
350 600
211 243
571 357
430 462
401 546
567 662
711 193
443 321
476 329
324 427
579 629
493 555
193 663
690 471
486 664
466 698
475 470
429 620
449 448
218 624
582 307
492 720
657 574
481 328
284 468
443 697
404 683
213 428
531 652
536 549
613 348
511 698
188 254
192 481
594 216
432 647
322 361
241 500
461 292
260 466
190 655
439 600
303 395
262 506
548 327
411 234
461 434
499 190
558 391
593 614
419 415
688 356
601 432
258 631
371 634
702 602
216 618
574 451
252 201
196 705
321 280
508 489
510 475
341 721
387 342
379 364
556 718
623 250
639 417
271 458
511 625
624 711
668 521
472 412
385 503
468 379
673 254
405 669
332 375
445 205
353 399
465 223
550 278
692 422
631 649
211 643
291 619
625 523
688 412
656 209
531 658
197 557
598 415
517 656
660 532
200 425
183 392
670 353
266 495
216 634
681 392
277 181
428 482
490 181
372 527
626 220
708 278
561 486
508 507
292 384
309 520
447 539
607 344
233 570
484 316
708 687
294 715
672 395
393 398
430 201
461 363
263 419
635 307
293 444
236 428
261 376
686 327
233 623
494 344
684 538
705 204
306 300
711 296
360 440
231 614
295 314
541 427
291 222
428 645
642 246
348 244
398 581
532 647
377 259
567 419
451 417
457 374
329 638
347 373
605 339
682 484
587 384
294 436
271 528
661 603
392 364
652 539
362 552
469 310
649 319
626 479
632 604
632 557
230 638
395 464
528 299
570 630
350 712
398 396
659 618
426 360
351 386
412 470
389 406
407 325
499 360
272 189
307 467
675 600
379 578
563 701
433 663
524 622
466 715
232 471
205 401
711 678
407 597
463 636
691 645
618 558
435 440
504 596
563 344
610 451
323 611
435 439
482 692
450 433
473 252
689 526
587 205
701 594
409 488
413 464
512 715
266 599
357 277
410 543
210 568
681 589
524 673
381 636
456 712
531 419
387 690
422 388
449 352
284 647
652 354
710 457
571 495
306 303
265 485
491 576
319 293
431 307
569 263
296 273
420 234
291 455
417 401
380 477
241 420
538 395
542 357
565 291
212 368
381 644
503 419
322 520
271 382
292 514
445 697
392 404
618 410
245 704
235 604
359 316
324 620
200 653
657 229
375 610
532 482
412 532
300 492
338 453
215 596
413 393
553 276
403 560
195 435
545 288
338 600
191 550
348 453
611 343
316 445
649 416
319 331
649 362
210 499
562 216
327 582
234 421
608 677
708 579
410 331
512 221
284 337
707 592
409 704
441 436
295 522
379 536
230 258
300 618
332 626
218 326
518 344
443 362
370 582
547 629
581 337
453 532
409 568
423 616
289 269
453 468
330 475
527 576
199 295
526 601
476 652
379 400
702 288
220 383
541 515
596 688
263 315
635 396
201 402
444 643
581 384
267 189
630 524
465 570
194 213
247 267
483 427
224 399
541 377
213 682
292 229
333 681
299 614
619 669
561 428
519 554
201 672
594 383
436 251
208 542
339 256
691 412
672 642
386 624
417 315
193 457
562 575
427 703
650 504
267 548
317 294
473 484
621 647
275 492
409 216
206 472
459 278
572 602
525 709
413 515
689 589
200 214
356 581
298 709
690 484
518 276
652 430
193 580
565 574
423 230
366 205
248 548
468 304
323 537
576 286
210 529
462 584
596 544
401 630
207 690
582 255
616 570
518 550
707 245
351 349
498 707
599 257
398 522
500 265
364 325
472 440
348 334
678 341
473 503
349 442
312 421
236 426
587 353
639 483
444 508
355 289
259 571
672 410
504 249
494 226
308 320
256 222
610 530
682 207
632 404
706 248
225 466
196 481
491 575
636 199
666 304
660 313
340 609
370 365
658 514
636 626
688 240
704 601
305 198
245 258
576 694
460 489
625 508
228 538
687 640
541 644
601 262
271 623
410 528
546 335
263 562
443 390
552 545
653 502
684 503
366 591
196 558
248 370
586 299
580 573
507 201
533 506
280 457
521 666
273 577
467 570
322 337
313 362
510 405
296 670
415 527
431 569
290 294
620 574
452 504
503 523
353 302
607 209
606 329
582 651
397 535
344 565
501 684
248 342
300 428
328 289
495 438
687 547
688 656
424 611
279 554
355 577
660 413
356 546
199 410
222 233
422 469
681 477
529 646
603 685
289 475
667 427
344 569
578 704
401 208
305 301
251 444
436 224
224 363
595 685
518 249
390 364
646 493
418 506
658 556
683 519
539 378
471 350
691 573
699 464
231 334
380 314
592 512
569 400
702 612
693 266
479 409
233 333
302 371
217 474
199 237
634 446
659 607
659 664
414 300
463 522
665 564
273 549
540 689
691 665
449 291
393 600
343 436
413 407
515 255
438 495
279 220
677 636
262 484
391 339
227 652
583 548
261 229
545 513
222 682
262 673
280 257
644 416
275 617
483 233
354 437
417 270
691 678
276 500
318 254
269 214
351 589
588 350
364 577
605 440
416 699
549 287
687 702
606 659
569 405
410 207
332 220
573 474
363 443
252 701
695 642
568 460
629 219
291 692
355 418
571 633
629 655
199 261
330 430
325 660
430 504
387 268
696 547
527 579
668 429
206 291
416 457
544 382
246 615
663 253
642 450
523 242
543 217
313 689
