0 789
196 0
171 185
538 525
696 524
543 90
322 466
426 369
796 426
484 526
388 111
578 727
418 283
753 611
382 233
195 410
454 332
597 740
684 292
332 226
109 273
258 690
534 407
303 31
588 190
778 458
597 582
137 704
105 659
547 258
700 107
20 768
717 412
321 472
721 571
124 538
363 533
523 420
345 448
349 501
527 141
587 405
217 608
463 407
333 761
222 244
58 353
553 619
683 467
538 730
264 621
49 384
288 558
511 89
425 388
585 203
707 184
37 185
439 383
659 665
208 285
633 119
99 192
630 727
665 490
367 273
724 452
530 267
339 632
41 722
522 637
742 219
733 585
72 408
600 66
484 370
403 538
140 609
669 290
46 159
413 557
566 184
755 751
490 717
176 340
574 287
170 696
480 123
488 462
380 52
471 739
450 588
117 397
608 633
233 579
586 443
148 219
425 477
371 569
278 279
655 167
346 560
296 186
563 396
675 661
349 738
739 572
519 512
269 488
496 589
733 534
712 430
287 287
696 682
541 324
525 470
64 631
301 80
517 137
492 632
571 475
554 425
396 445
710 378
642 529
150 345
167 735
234 505
442 85
252 144
167 456
705 339
432 333
207 650
353 126
708 201
157 670
84 118
380 621
312 289
649 715
364 687
489 499
721 417
173 655
641 86
117 83
113 135
621 620
202 688
566 682
232 337
76 99
228 585
240 98
293 211
370 592
694 272
230 689
366 465
665 185
319 326
176 82
189 479
182 333
596 653
226 373
112 198
208 684
453 381
152 370
121 458
167 494
450 571
454 483
615 336
170 129
573 443
443 396
119 602
530 261
537 177
228 101
679 687
177 320
310 238
593 707
338 133
284 654
607 226
528 146
699 563
394 584
462 267
324 306
680 285
364 488
498 248
367 160
215 699
277 104
545 538
125 170
687 483
117 109
118 182
146 591
408 238
681 364
336 288
324 296
685 385
292 485
237 293
295 289
525 386
363 567
488 419
218 262
670 678
460 134
388 668
530 230
347 273
577 301
250 561
580 313
483 587
582 545
217 231
237 215
249 194
561 412
451 206
245 264
682 661
571 282
305 566
394 285
381 580
149 369
237 246
254 291
392 349
250 296
555 277
242 554
363 622
557 223
533 563
417 532
133 371
219 560
403 256
625 190
661 614
666 515
227 128
417 254
261 343
437 312
562 324
577 546
190 488
534 174
431 454
144 406
476 504
180 150
215 292
382 282
507 380
222 330
531 417
388 305
642 367
157 399
382 652
271 480
332 271
247 217
353 515
591 403
561 208
219 189
331 325
543 143
301 242
645 456
617 296
229 502
473 448
304 494
273 222
271 627
403 496
287 150
456 500
565 185
613 519
509 384
167 330
544 623
635 400
330 534
223 339
359 185
161 179
579 163
362 261
236 343
262 437
371 500
246 520
357 236
312 269
340 343
380 360
218 304
482 232
346 543
341 419
254 301
557 208
222 321
274 446
596 610
269 311
446 380
480 620
376 298
195 543
532 365
345 187
615 336
545 587
542 447
430 611
607 327
318 443
550 352
441 433
530 443
261 392
297 313
197 242
486 280
349 456
624 482
179 532
393 354
593 274
466 186
206 346
597 543
353 302
205 405
300 276
263 343
451 270
188 611
273 548
541 574
278 612
523 315
513 560
390 232
218 334
306 408
280 442
329 557
446 466
199 579
201 525
490 188
339 400
584 504
425 510
256 414
418 227
577 418
434 462
338 608
409 405
329 326
484 516
538 198
427 318
528 590
252 552
403 560
338 365
247 554
470 225
531 313
431 393
572 368
216 248
304 391
532 0
