523 80
95 436
330 669
293 94
154 489
468 88
374 286
241 200
148 660
626 104
659 576
571 164
224 704
656 488
427 637
711 481
633 539
335 712
261 403
157 206
488 95
454 120
679 80
164 594
93 591
89 677
595 215
725 243
311 349
248 152
417 642
250 200
490 352
221 462
451 276
528 572
391 659
90 365
691 355
701 362
660 266
714 492
476 263
229 546
570 194
321 110
602 722
395 592
408 473
522 581
112 649
492 396
453 136
243 551
525 285
147 446
271 447
374 228
391 613
650 655
683 283
478 413
130 133
292 261
397 387
346 222
648 298
627 507
528 438
121 617
93 724
665 149
88 642
495 118
234 231
483 254
674 704
615 237
116 671
352 299
161 277
176 702
441 327
386 531
378 266
306 493
200 724
485 617
530 189
404 606
568 187
145 649
261 291
267 268
400 601
522 383
617 589
570 291
282 261
493 414
328 107
589 320
584 581
400 276
408 209
369 395
677 194
667 208
160 532
564 535
188 512
279 725
426 81
423 510
553 212
336 420
401 710
617 232
138 530
306 688
400 354
85 133
81 333
443 657
350 138
107 194
441 716
368 553
546 381
445 484
563 234
353 697
314 704
115 359
376 308
716 266
445 102
188 244
273 412
436 351
719 690
606 344
409 598
416 498
544 125
549 200
81 101
516 629
125 282
179 603
228 463
586 125
608 502
520 279
381 390
276 352
198 129
379 127
443 130
667 428
338 165
723 289
197 613
108 568
246 121
682 212
170 176
143 184
436 477
565 430
201 168
643 85
239 346
635 631
482 525
462 92
402 320
380 291
287 553
337 99
125 510
266 592
257 90
666 243
468 85
532 234
422 669
660 598
246 679
708 549
703 334
410 644
259 235
524 173
395 381
203 648
430 484
691 111
565 351
578 423
292 515
487 523
448 372
291 654
191 77
437 520
217 429
437 302
642 472
284 328
371 495
625 266
436 643
98 164
545 608
436 511
488 617
571 167
354 725
546 636
609 141
389 310
109 325
435 208
464 556
599 710
300 583
320 583
195 117
391 186
313 670
334 396
684 373
350 418
239 88
234 593
205 352
122 544
615 557
478 519
281 493
524 614
291 270
574 721
545 688
515 475
227 714
544 505
417 464
113 135
652 437
80 461
206 451
568 323
259 79
170 408
349 555
282 413
686 639
687 126
712 494
138 671
226 211
656 713
222 317
442 556
646 660
560 278
230 448
564 694
186 608
604 238
396 190
600 258
548 108
358 78
706 110
302 622
494 302
225 346
546 490
691 91
378 661
599 399
240 612
323 526
260 544
667 686
286 631
543 290
481 291
554 442
661 592
610 390
360 550
292 352
445 287
507 398
243 504
387 413
329 615
569 201
583 397
514 581
438 558
338 213
452 568
690 98
625 655
85 678
479 674
344 479
406 580
478 91
224 625
80 447
716 388
581 313
409 395
702 155
105 212
502 590
672 693
147 632
561 582
430 230
224 333
486 142
395 333
616 599
321 529
453 291
668 564
144 577
314 493
449 394
616 319
543 458
285 144
225 262
337 485
601 172
723 205
570 157
289 77
142 304
122 532
294 276
229 86
638 272
462 582
244 430
179 132
691 585
191 505
238 127
608 91
495 318
306 480
202 362
528 393
299 622
104 670
310 615
442 331
698 401
383 491
106 585
165 687
171 427
224 262
547 381
634 476
86 478
142 632
686 693
161 605
240 354
329 265
87 103
306 337
336 447
282 427
456 410
121 248
665 523
241 229
183 415
241 160
725 237
552 725
252 320
320 519
277 254
664 316
482 677
687 492
501 534
381 529
594 431
