811 389
421 6
112 128
658 287
631 391
699 676
55 637
292 697
509 501
9 452
850 884
285 433
379 26
61 780
896 482
844 14
170 113
492 472
364 602
481 353
850 851
534 8
125 29
606 678
333 636
628 272
42 857
375 743
774 248
678 630
590 97
145 711
371 52
399 808
439 241
509 570
323 608
335 777
109 729
292 515
302 56
809 543
315 837
145 675
621 548
648 730
751 437
270 438
458 167
640 60
785 360
395 861
116 459
746 624
183 168
389 801
369 431
846 470
504 775
361 464
72 132
162 89
514 366
452 689
338 159
475 654
396 219
639 481
623 629
771 594
414 526
844 216
374 79
172 880
422 626
148 306
484 705
555 37
155 729
604 62
709 537
385 74
608 62
712 222
691 296
209 806
469 272
78 352
469 155
72 855
738 459
194 41
22 19
619 138
716 86
813 154
551 840
746 461
811 91
236 270
388 699
647 813
801 592
458 831
876 80
180 345
193 109
65 783
714 879
805 748
594 541
105 465
592 88
41 259
477 187
615 267
229 38
353 746
198 446
844 137
539 52
414 172
784 534
731 661
831 357
78 529
265 68
385 822
288 199
822 834
648 292
219 651
634 680
730 431
796 356
417 707
408 355
266 283
485 530
328 532
531 644
280 99
113 469
594 132
640 809
741 868
505 763
619 623
331 211
108 823
671 710
593 699
102 414
508 460
837 393
471 747
859 849
172 683
440 470
399 605
594 640
633 366
853 668
637 822
850 295
425 454
496 89
647 433
863 237
112 140
104 35
839 185
135 181
672 208
185 522
380 233
177 573
829 447
128 118
408 541
575 702
171 416
672 226
815 361
634 110
77 696
58 326
486 826
104 71
709 112
601 270
606 340
708 350
106 138
319 640
261 167
789 195
171 306
725 742
153 446
281 275
433 648
731 235
266 243
496 554
261 341
809 553
491 295
669 107
428 269
835 552
323 468
527 66
580 110
314 405
217 156
306 645
558 377
687 48
661 125
843 842
348 616
653 241
438 106
57 535
173 806
370 408
88 76
853 377
523 830
767 195
597 70
344 658
383 575
843 469
146 237
565 675
238 367
236 482
83 487
421 689
178 385
620 521
50 525
683 562
673 258
385 842
398 781
650 783
774 308
216 253
597 488
587 62
680 63
701 752
595 388
444 600
412 599
778 445
430 371
343 766
173 470
383 308
459 321
654 226
236 792
441 843
92 222
100 668
552 447
716 379
576 271
498 65
556 808
105 742
199 650
283 635
633 834
309 446
288 669
250 417
392 497
62 122
512 783
474 361
689 168
96 631
497 424
487 723
375 582
812 693
111 676
344 573
498 265
528 330
474 380
829 824
316 625
556 650
428 81
517 85
378 189
386 165
198 508
266 223
719 308
832 115
484 433
304 479
95 660
775 122
586 189
226 481
156 220
739 444
579 756
399 318
669 774
578 397
259 498
466 754
201 238
342 136
221 236
592 389
494 339
159 484
239 253
471 301
376 155
687 538
200 329
384 656
831 570
476 581
581 273
152 751
149 360
513 116
414 520
155 288
714 373
639 477
717 418
303 695
78 194
612 756
755 232
344 565
433 456
240 528
473 335
202 286
477 566
545 478
84 262
580 122
591 417
513 611
415 517
205 210
723 624
781 676
99 248
85 203
234 745
571 763
452 246
696 710
259 482
434 478
564 405
268 512
637 238
415 695
249 622
182 594
723 389
122 80
781 500
508 181
748 157
407 197
546 191
470 243
714 588
440 147
125 623
619 251
535 817
459 498
101 345
350 506
738 461
699 396
458 675
617 661
223 508
313 229
151 389
709 452
729 234
609 629
223 631
310 93
387 342
689 652
93 806
299 773
388 110
174 718
234 234
156 439
402 644
222 191
193 379
156 182
83 816
676 711
224 150
200 493
98 718
325 633
457 716
695 201
806 623
104 523
156 391
786 541
569 321
406 446
506 307
573 234
457 103
753 800
648 377
252 587
383 683
130 156
622 337
204 603
799 457
209 751
220 521
267 641
557 659
422 89
188 617
272 561
223 214
650 191
672 682
732 326
386 284
93 225
159 575
304 514
743 493
593 161
434 164
687 118
783 310
618 493
463 194
512 473
142 429
765 163
582 746
705 532
333 565
512 475
116 493
559 116
600 446
482 438
495 162
765 378
217 275
784 98
458 599
234 315
573 706
703 340
202 550
216 257
365 608
137 178
297 784
299 467
624 519
152 773
776 105
680 388
103 731
306 708
174 161
740 409
437 732
144 289
671 156
609 372
278 331
122 260
552 323
270 347
205 148
569 642
191 553
435 728
309 777
798 256
176 538
630 115
389 474
405 775
691 692
164 211
597 492
227 508
365 714
658 378
669 152
507 201
363 507
257 706
544 227
182 268
587 156
507 605
326 153
681 717
315 304
791 133
130 364
282 349
573 351
406 612
253 579
585 785
611 490
252 181
649 660
176 454
383 656
525 435
331 393
264 401
484 121
722 360
663 165
760 555
765 229
693 574
555 517
186 502
260 216
514 413
775 410
604 389
419 509
317 348
207 553
406 134
600 378
669 437
556 600
162 453
396 418
411 542
733 390
553 315
279 501
601 133
455 622
655 549
533 115
515 198
526 244
426 410
737 606
268 779
511 327
234 160
537 120
640 650
653 358
375 416
696 755
613 438
274 350
173 646
230 466
570 184
448 615
166 539
656 481
560 258
391 577
773 318
573 548
655 261
469 757
199 452
431 424
126 476
558 628
639 155
320 434
381 558
136 163
152 345
328 410
548 645
466 125
752 473
447 514
535 358
138 739
486 216
266 680
275 334
489 560
428 267
574 436
766 181
257 346
729 416
364 138
425 253
706 566
667 476
517 271
206 428
482 736
264 238
402 522
731 374
734 154
153 632
543 284
708 188
340 560
142 480
587 207
538 575
511 572
295 722
715 255
206 345
218 137
428 134
244 453
219 688
722 487
294 383
676 290
441 187
409 347
707 233
467 311
230 720
762 412
425 656
456 636
256 643
561 560
498 144
182 447
644 705
496 608
615 445
209 765
341 283
367 519
609 718
226 709
751 393
679 176
497 646
171 210
641 401
255 667
762 724
762 504
181 396
486 164
229 517
694 198
492 281
520 387
657 713
379 295
211 230
264 333
726 720
754 623
346 270
321 489
486 542
472 199
437 522
740 441
725 148
639 216
411 163
637 402
515 415
752 405
244 294
736 539
324 326
361 721
726 717
187 214
632 504
684 392
169 460
732 702
616 261
335 362
484 590
442 164
559 464
281 297
526 415
471 494
263 304
653 400
232 515
164 361
312 208
241 622
249 619
528 496
488 710
325 666
728 185
723 446
544 412
399 321
311 681
152 296
736 642
734 599
551 606
727 507
720 588
725 221
248 382
687 363
151 670
733 717
717 384
586 237
377 706
151 649
289 323
514 600
729 537
697 655
214 383
153 550
228 218
193 218
475 166
624 649
453 542
390 161
682 397
623 695
708 446
534 250
481 523
669 666
426 393
250 535
283 510
311 518
361 352
358 675
392 210
195 246
422 170
221 447
718 510
169 182
212 355
241 442
698 493
428 542
271 622
394 622
576 367
263 553
512 541
736 661
465 224
602 452
732 673
484 486
341 206
694 541
499 437
238 650
734 501
376 234
631 690
386 606
430 521
409 542
657 557
676 306
262 647
458 720
437 340
214 725
370 469
352 539
677 188
697 611
667 218
198 530
564 394
250 405
347 411
245 379
430 619
175 259
413 195
371 424
716 634
667 576
356 647
178 250
344 242
558 372
222 458
613 658
240 733
308 168
636 711
255 489
728 607
222 524
723 593
190 652
343 469
321 549
391 419
478 346
615 362
369 357
400 431
464 424
233 458
574 350
304 378
239 509
359 610
220 466
388 558
423 387
658 293
715 520
597 428
231 388
552 220
346 466
375 366
472 203
465 564
265 530
599 237
197 671
403 296
223 360
569 611
691 345
472 355
241 589
429 236
595 216
607 623
214 456
498 249
366 623
301 250
510 347
480 321
288 620
321 632
675 351
495 201
647 327
718 629
181 302
615 253
698 614
614 274
340 508
509 489
184 505
591 393
607 694
423 300
384 538
370 644
356 331
324 606
506 344
309 230
619 627
441 305
485 269
231 354
690 381
411 228
654 610
260 539
311 466
299 500
517 302
667 349
259 395
422 678
365 634
599 433
414 244
303 265
188 679
328 675
247 479
516 654
478 364
620 197
683 322
266 212
683 318
208 613
573 414
297 615
394 544
626 603
231 463
275 269
549 538
680 297
678 504
450 437
424 413
637 700
572 582
699 458
202 349
615 265
218 378
646 413
403 332
201 398
443 418
524 397
638 226
398 435
426 533
304 569
249 468
283 349
603 345
230 620
600 503
417 455
374 245
551 378
650 217
507 531
517 637
694 267
637 689
392 515
430 495
418 409
669 273
466 402
328 463
388 217
521 433
276 418
238 468
624 517
459 263
492 577
246 403
361 553
242 514
414 350
312 219
581 335
672 409
539 387
521 651
