407 78
410 900
752 103
713 820
370 497
197 159
428 821
795 13
143 654
834 472
796 444
464 305
380 643
109 482
281 755
777 542
219 195
696 39
703 34
703 105
351 32
721 526
800 217
201 766
113 685
694 181
633 181
223 542
51 818
493 814
201 483
139 448
468 231
616 83
726 653
851 833
717 98
318 82
841 26
211 147
402 243
6 61
741 604
75 76
428 451
851 756
577 40
389 372
744 188
32 109
56 248
579 438
609 732
48 282
785 250
634 64
721 6
405 198
420 125
65 121
169 443
527 161
780 144
155 122
290 16
126 607
698 299
151 154
39 403
746 707
852 710
608 88
746 222
122 446
591 316
849 598
710 628
177 168
456 272
861 683
471 635
682 142
511 235
361 865
761 8
301 127
272 622
814 59
375 747
77 203
509 111
658 359
492 138
543 696
590 802
880 80
624 191
405 119
442 544
783 709
281 617
772 131
88 271
285 731
623 812
156 380
298 580
463 663
456 285
779 275
530 25
719 851
676 874
104 82
552 844
410 56
371 469
363 260
695 363
517 125
517 826
704 728
366 815
837 800
189 877
741 412
231 88
347 271
28 267
234 116
194 16
487 508
117 789
107 883
858 749
271 425
714 296
64 222
736 97
856 605
311 93
187 127
533 541
885 852
449 129
716 312
170 859
408 662
830 219
741 399
228 411
269 456
436 146
664 830
884 115
21 790
427 503
83 730
290 568
829 383
548 703
430 355
634 657
433 19
800 861
790 42
325 211
721 40
501 86
410 376
426 338
505 555
536 565
847 32
606 496
74 820
547 735
734 758
571 651
79 739
220 429
279 241
770 622
403 804
744 690
452 567
128 224
736 161
64 863
213 534
203 854
852 559
759 299
494 450
624 817
559 881
455 484
344 289
824 715
441 396
93 150
340 221
275 243
423 718
477 567
52 285
57 373
53 292
502 577
666 799
369 713
47 803
683 205
403 845
769 300
859 196
104 812
549 447
661 536
409 315
301 349
41 64
208 163
99 219
301 672
599 673
541 846
279 118
770 493
376 814
733 811
483 628
276 267
23 95
764 118
43 652
809 237
311 230
31 704
713 824
676 385
623 188
647 769
189 790
422 342
692 723
180 86
468 316
570 631
812 595
75 85
286 779
271 837
139 826
208 727
347 721
134 230
638 228
369 246
271 542
562 128
57 582
76 416
144 390
131 830
743 92
569 504
623 193
148 510
513 841
760 707
638 369
124 287
828 492
428 536
489 576
323 127
257 640
695 615
82 347
701 341
110 408
394 370
390 58
295 56
393 839
546 122
201 128
502 488
598 821
848 504
776 853
532 374
664 112
571 755
582 766
134 855
535 269
451 724
732 762
616 77
576 247
91 684
721 836
294 757
124 407
161 858
225 506
267 84
121 372
471 815
325 408
410 299
136 621
281 847
150 628
588 185
53 83
61 510
599 501
838 479
395 425
467 759
634 383
481 225
257 75
513 56
153 578
150 85
201 779
576 483
284 844
518 435
526 562
772 601
608 224
340 470
323 715
184 771
554 245
475 474
188 280
861 85
822 553
482 401
252 109
130 325
750 530
453 53
832 86
228 496
368 768
644 349
74 738
257 208
833 407
253 853
399 132
492 740
36 497
629 40
683 803
71 769
596 792
581 324
348 683
246 286
642 114
248 168
427 710
197 440
564 358
421 143
132 842
257 444
713 312
368 702
130 797
238 59
758 246
827 248
615 322
630 72
198 752
622 197
576 270
175 61
608 836
314 73
813 330
307 138
562 123
829 43
769 365
442 105
475 384
213 319
454 633
171 39
482 203
78 368
802 688
151 269
339 560
591 388
201 362
727 571
670 276
815 55
760 374
284 331
530 329
394 619
600 481
114 550
768 121
575 726
386 283
605 724
236 41
381 631
687 577
63 107
377 156
356 117
110 463
91 178
666 691
487 498
128 751
291 625
555 131
204 236
820 757
738 85
52 307
229 238
127 419
252 547
349 236
424 675
817 82
362 709
826 119
266 472
770 465
287 763
581 103
855 828
302 429
683 275
813 823
180 135
269 105
669 130
158 340
168 87
404 188
145 846
585 260
85 731
248 707
489 490
276 157
732 299
542 805
110 546
826 716
765 761
632 795
261 741
393 838
489 335
328 607
289 447
631 322
519 723
276 197
252 49
666 334
530 68
374 308
777 452
74 478
234 109
755 789
852 360
290 792
208 817
507 781
245 144
671 617
816 106
824 780
301 747
645 657
49 206
382 390
815 476
489 696
407 470
804 292
310 642
205 307
488 113
142 451
162 113
819 159
615 447
322 356
335 286
110 439
806 785
123 418
674 714
239 829
343 371
164 410
252 261
627 235
492 439
780 279
99 807
813 509
349 745
816 67
431 448
127 279
824 752
745 626
178 707
718 314
489 809
769 370
567 147
127 655
208 812
394 144
518 349
209 322
797 590
269 154
112 571
553 748
89 130
117 665
666 527
289 541
87 607
836 78
692 157
601 724
144 457
740 545
664 828
607 589
488 292
503 770
495 817
820 80
575 560
827 685
135 225
825 364
451 793
638 614
500 754
634 405
767 417
411 833
164 477
287 804
145 509
193 628
436 818
201 549
539 234
512 576
162 220
782 832
311 508
132 711
773 624
715 415
358 659
439 505
69 612
639 521
437 668
805 653
428 773
738 260
402 469
266 229
420 450
386 119
525 524
316 656
284 70
533 118
174 70
362 570
768 110
583 771
536 646
126 474
220 505
162 253
541 118
709 602
174 423
615 582
596 703
656 822
75 157
286 159
137 803
503 784
640 368
398 133
834 310
146 164
340 379
766 178
193 285
411 324
305 645
249 526
384 216
93 340
670 777
382 646
715 662
728 714
707 157
803 270
765 442
102 402
321 480
122 666
87 351
200 646
687 141
507 695
305 467
278 482
297 708
720 777
191 479
372 301
156 406
390 689
353 170
303 588
718 420
191 431
354 156
815 198
437 419
197 657
92 183
198 390
728 306
700 424
614 321
743 602
415 600
657 210
516 611
232 761
435 156
612 361
417 358
72 767
268 564
736 261
560 70
655 565
505 644
389 563
542 665
176 273
545 716
116 774
485 670
465 221
600 195
392 409
323 489
161 644
809 330
632 710
704 662
78 687
353 396
790 237
468 191
420 414
436 592
324 171
679 71
433 405
86 243
375 295
765 238
758 185
643 626
388 356
279 404
253 227
500 97
597 536
529 264
158 347
457 147
552 347
616 103
736 133
71 388
399 390
787 292
283 813
626 513
431 774
623 498
811 748
721 537
693 297
562 165
610 553
171 574
196 177
812 304
80 543
810 180
143 108
74 297
674 108
535 200
241 778
506 391
124 596
130 700
660 252
663 298
782 349
101 752
614 753
507 778
147 321
820 145
199 514
196 541
557 379
527 341
519 555
507 680
290 325
224 116
200 674
730 110
474 454
505 198
345 604
452 324
553 513
109 813
396 264
345 292
750 475
345 396
726 584
653 443
359 325
237 631
533 381
224 122
320 303
587 823
378 210
321 647
463 609
707 88
540 731
602 215
503 546
645 651
578 508
463 171
194 292
113 572
266 311
612 415
736 521
425 106
716 337
527 161
564 244
108 753
584 251
427 125
466 348
662 360
180 167
709 553
203 753
568 537
683 152
174 344
809 421
491 760
553 401
157 243
629 386
562 389
452 676
247 280
497 199
435 789
642 212
307 616
641 352
619 126
500 355
155 238
359 747
211 82
646 144
730 526
615 778
515 189
294 733
587 404
349 817
133 755
590 656
614 805
302 645
558 544
102 283
417 484
561 225
329 260
745 278
645 504
704 763
675 296
501 563
537 306
504 545
642 222
164 683
548 287
765 118
632 284
504 251
285 473
177 764
439 384
575 400
402 187
320 345
226 151
295 417
271 323
749 724
604 608
170 591
772 395
516 538
388 425
705 752
558 485
558 690
575 220
124 471
144 712
801 660
230 391
108 349
639 141
156 132
659 206
422 139
811 780
415 282
725 210
222 731
190 715
759 352
435 614
487 512
288 724
503 425
738 103
359 694
418 655
353 209
573 610
718 789
780 682
805 626
793 310
364 199
348 718
453 619
356 687
104 322
305 374
802 561
156 259
508 588
512 286
410 435
178 152
104 722
585 449
378 126
308 214
449 423
639 784
758 663
201 133
255 744
587 174
704 107
146 639
672 177
593 178
102 354
490 353
481 607
759 674
790 772
495 160
625 636
414 541
142 396
256 261
366 509
507 489
509 674
128 638
432 638
312 552
564 187
479 417
275 527
740 311
279 592
467 205
753 444
259 709
429 552
625 687
410 742
669 149
610 372
330 680
497 781
583 261
258 653
280 559
494 173
118 440
387 360
397 488
440 176
453 101
267 636
664 376
342 301
411 579
384 693
551 384
759 599
713 744
416 389
205 603
414 479
608 590
491 349
345 233
380 517
120 507
753 155
367 524
227 506
128 659
544 185
792 175
752 313
213 466
319 217
516 597
725 214
166 349
156 272
768 129
311 429
334 373
421 268
240 423
741 243
603 725
122 651
775 565
536 732
209 446
719 622
582 658
379 656
102 429
354 587
566 380
723 298
596 794
676 764
747 430
647 532
467 621
442 126
387 586
668 307
356 209
591 179
107 587
550 484
628 424
531 261
717 648
136 704
795 319
537 775
580 547
325 552
296 554
243 767
112 784
705 664
357 167
769 701
433 543
563 535
687 296
232 476
221 665
553 476
698 116
203 766
787 479
350 613
264 690
444 424
533 376
477 590
198 370
628 218
714 687
787 660
706 421
653 586
225 349
323 106
275 783
707 177
247 145
509 148
507 756
540 196
687 159
639 518
206 572
698 592
712 389
651 229
401 534
274 352
648 150
441 623
477 332
230 178
159 138
721 718
213 549
346 404
122 693
179 369
354 622
419 166
791 147
659 639
288 356
767 556
668 443
336 330
204 398
345 503
669 329
552 601
757 491
559 431
236 472
306 175
293 651
199 189
649 339
139 721
530 307
762 634
598 485
376 648
346 269
734 521
428 420
521 147
659 138
416 242
353 498
177 641
367 162
624 339
716 121
554 541
706 180
126 325
410 600
128 218
260 440
553 340
296 118
222 246
134 602
443 549
273 197
740 263
776 389
197 409
225 622
693 484
355 656
446 639
705 549
534 141
234 344
186 380
151 382
190 695
158 693
612 292
495 474
358 393
319 197
379 177
216 683
372 307
769 448
287 208
671 243
497 678
566 274
684 226
500 210
717 517
249 588
712 122
484 659
160 506
668 393
711 380
690 707
585 474
689 166
373 684
573 192
682 495
627 325
739 659
309 407
263 455
333 677
301 525
403 248
410 453
553 420
668 445
514 738
713 518
228 243
327 737
342 192
350 209
252 734
700 473
565 393
578 635
464 608
405 540
612 707
592 501
486 292
295 576
582 273
470 135
256 677
344 638
303 730
604 454
333 317
448 546
675 127
653 563
759 507
496 589
716 501
540 132
411 541
653 725
636 368
533 637
585 539
508 594
532 139
138 336
591 389
691 449
379 421
215 481
343 255
513 474
464 195
123 499
134 628
161 422
611 616
748 730
562 432
605 274
251 390
185 166
703 319
209 714
505 319
516 203
161 524
270 364
320 576
156 339
232 190
301 178
306 282
528 264
207 652
649 510
584 610
695 161
359 385
630 730
233 284
672 440
215 256
354 403
636 188
306 730
222 327
203 709
306 601
579 639
712 529
245 380
420 180
699 230
479 281
252 487
145 698
675 180
265 205
310 341
732 261
219 648
681 772
358 301
625 612
593 511
334 256
307 268
213 397
350 251
268 178
251 679
389 183
345 661
192 189
573 734
306 402
467 425
585 368
703 377
169 156
316 225
736 647
164 366
297 238
570 620
713 434
144 689
573 605
340 169
291 582
412 413
417 198
473 717
419 168
737 663
538 344
618 604
714 706
566 359
175 739
326 260
199 137
532 295
263 376
593 728
486 339
560 351
558 295
416 174
526 331
540 210
297 573
282 345
298 686
164 217
418 730
242 223
415 289
699 182
461 208
550 209
587 285
220 741
509 543
679 723
696 761
212 234
616 599
407 581
467 741
177 766
600 748
388 481
321 205
361 573
485 525
396 644
339 217
350 136
495 188
731 395
378 217
676 245
540 575
721 760
335 192
295 200
343 202
537 489
368 356
653 197
487 284
664 595
170 760
412 441
563 157
163 189
457 567
481 492
243 289
649 614
754 310
724 196
440 385
739 178
230 289
501 562
593 382
644 252
762 269
675 445
399 662
578 740
473 460
151 226
335 479
727 740
216 289
263 276
200 403
477 192
380 427
233 592
471 420
538 520
524 559
579 204
617 545
467 376
152 475
688 242
504 343
587 685
641 493
700 163
676 701
482 710
465 415
537 254
448 634
716 573
339 557
177 667
488 361
518 309
538 566
609 157
442 498
527 318
151 583
148 751
453 474
473 416
176 371
752 706
688 455
442 344
530 258
665 151
556 642
444 442
624 624
338 320
278 546
755 742
700 681
753 247
271 411
622 269
266 239
503 224
170 293
685 723
419 499
246 607
473 401
310 493
184 317
239 593
376 685
462 566
535 511
610 665
384 280
269 746
302 663
253 506
743 641
480 584
629 499
677 201
365 197
341 740
209 442
630 483
372 295
582 516
275 722
749 453
497 685
228 452
335 373
378 518
273 544
474 332
603 494
614 404
452 409
273 713
515 709
564 704
214 589
454 275
606 252
204 160
279 713
649 292
285 167
333 530
214 550
568 281
373 592
688 405
288 466
185 613
515 356
225 393
605 628
265 333
740 518
276 550
727 338
532 650
603 401
589 243
688 206
514 697
379 715
198 308
216 495
536 326
526 248
261 245
167 570
429 411
249 577
163 318
633 610
404 153
445 204
337 349
424 396
335 399
427 413
381 327
412 371
265 176
330 493
233 155
311 727
674 229
335 157
290 584
211 582
461 175
178 183
388 550
519 719
321 601
315 170
399 610
661 708
386 565
503 696
390 288
334 520
536 396
229 455
448 190
575 620
559 617
181 430
407 337
647 528
183 683
434 394
328 471
360 158
385 637
421 223
190 690
164 261
317 709
357 430
430 683
643 345
661 675
256 684
564 413
389 730
675 571
650 731
249 397
588 371
240 235
267 164
290 592
289 189
434 481
368 479
652 223
537 598
606 186
421 327
274 405
293 363
288 219
678 592
314 704
515 401
636 597
228 480
543 216
568 354
442 240
225 404
235 594
235 551
724 670
616 448
332 504
719 511
495 211
366 539
232 184
589 381
338 273
237 562
726 415
329 290
566 462
525 271
359 537
436 168
229 514
444 529
520 339
467 430
377 227
660 308
519 472
347 731
529 503
710 170
501 425
676 444
445 693
434 373
351 186
690 316
580 188
233 482
386 731
173 710
352 401
243 545
374 622
362 703
594 554
173 269
592 240
460 604
168 631
244 274
673 406
592 316
544 654
649 180
721 482
627 514
430 610
179 650
708 509
593 355
418 510
455 204
293 432
442 498
216 590
275 349
317 260
534 633
329 462
699 193
368 171
630 547
230 560
700 177
722 303
272 331
564 245
489 542
620 648
224 611
462 542
179 221
706 504
538 516
732 172
546 205
367 298
722 562
477 381
403 209
704 490
572 211
202 203
217 560
389 583
211 276
708 245
228 278
176 427
508 702
269 685
564 247
523 628
615 493
692 444
447 353
311 709
484 206
497 684
494 728
360 444
204 363
602 191
673 506
323 665
424 563
618 684
553 663
654 495
372 308
357 641
726 318
404 301
314 323
310 354
584 410
210 287
649 691
495 629
610 639
680 376
229 235
216 177
565 291
551 276
276 309
382 479
248 426
335 253
229 592
653 705
357 568
616 178
528 540
226 344
322 232
316 591
367 314
558 188
710 465
375 547
688 700
601 340
304 489
485 564
579 312
420 327
666 334
235 360
240 307
662 689
325 495
237 358
545 721
285 409
264 375
719 653
381 694
523 567
289 572
463 690
283 680
600 446
273 385
552 631
351 632
386 514
424 283
327 510
624 533
200 633
504 351
310 235
398 649
464 529
637 481
540 673
436 277
466 606
268 317
616 650
430 632
385 560
447 211
371 264
407 661
506 251
498 259
710 277
371 267
334 329
356 260
434 447
240 305
467 447
210 673
277 672
346 615
194 376
649 465
642 484
386 648
660 610
449 236
518 344
374 681
403 415
607 267
297 351
526 614
687 647
251 633
235 289
534 374
422 662
187 644
513 310
505 707
532 694
593 314
553 709
326 542
362 523
582 648
471 350
360 227
207 573
191 644
516 531
209 303
386 222
498 465
448 697
472 213
376 440
473 453
233 290
279 221
409 423
481 662
598 601
457 510
189 533
328 423
597 190
696 635
464 590
701 406
268 350
506 384
647 502
343 211
574 495
454 560
410 332
607 268
696 299
707 412
641 581
255 589
478 696
236 198
376 192
245 452
436 662
437 613
332 248
578 348
488 426
485 189
390 205
688 599
579 312
535 482
501 219
669 464
545 608
615 410
643 309
426 422
487 369
482 301
318 341
499 621
258 485
240 342
470 412
234 569
442 598
323 275
200 346
205 680
453 558
671 613
208 468
408 544
430 447
515 315
513 219
494 316
515 270
273 396
430 329
499 231
672 518
387 301
599 359
621 565
432 241
527 388
216 193
603 293
611 688
201 579
556 343
365 609
549 492
293 457
458 671
493 396
361 671
439 668
271 466
328 251
344 630
421 284
354 536
241 620
230 240
474 278
680 549
431 697
313 378
195 594
273 262
658 628
672 506
541 394
235 563
343 413
605 402
617 359
602 306
408 367
369 649
242 671
206 702
196 606
495 488
648 392
236 248
678 466
266 552
488 680
443 303
329 379
671 526
340 578
415 387
464 561
254 516
530 459
289 484
446 428
235 382
596 390
475 315
332 657
450 373
566 433
252 512
664 470
665 686
492 413
286 255
536 257
368 665
623 437
316 676
408 489
284 410
660 366
694 376
337 575
450 512
431 358
541 630
