534 309
337 666
524 536
476 509
103 256
595 136
201 587
691 474
372 306
300 443
558 498
275 257
142 428
690 312
507 256
396 118
310 659
600 106
315 654
426 380
499 621
510 553
636 305
174 133
78 542
364 148
559 440
248 483
379 716
315 551
281 564
337 606
681 513
657 242
176 374
171 723
577 608
123 304
606 136
131 702
468 636
549 407
489 169
418 593
406 714
113 414
100 76
311 697
529 562
557 652
454 561
102 306
501 322
158 429
623 440
295 325
329 485
670 413
324 134
238 438
179 493
679 666
217 366
89 376
713 348
101 365
536 607
467 496
673 672
432 551
677 323
474 394
418 146
78 333
600 406
105 81
111 502
403 224
578 459
164 707
592 221
354 463
157 170
507 486
432 557
78 180
455 459
114 126
650 695
257 430
683 231
703 225
199 689
463 272
607 504
674 144
630 467
183 177
698 255
404 107
