582 198
480 431
669 606
547 570
498 715
409 230
450 604
407 230
466 77
160 168
198 595
231 563
282 550
108 185
618 610
259 96
315 174
477 527
372 144
118 373
533 640
480 214
262 618
597 169
717 616
363 464
536 183
530 540
300 92
266 285
463 682
249 278
692 377
694 712
573 670
145 472
301 586
244 125
660 579
609 347
701 396
571 170
665 460
526 469
300 605
595 375
359 104
631 697
235 624
327 539
176 202
661 79
159 285
226 722
405 457
695 610
607 317
420 328
451 473
202 343
247 195
652 202
138 417
201 356
148 510
103 147
441 118
518 406
109 334
105 313
613 327
147 634
481 622
650 614
592 458
540 421
395 430
236 325
678 443
489 474
623 707
558 701
423 160
651 542
661 454
229 182
628 579
124 145
226 457
723 424
670 96
262 358
207 268
247 586
443 623
329 366
190 361
509 485
227 387
610 708
225 575
534 253
196 403
395 434
256 270
115 401
666 478
606 725
84 613
89 119
679 416
206 260
276 346
99 541
577 313
719 522
115 623
325 168
331 178
207 451
188 713
497 469
527 406
553 403
723 410
488 164
427 470
298 653
209 448
354 115
646 199
566 300
408 514
663 380
708 167
236 717
368 485
304 498
166 86
79 277
725 550
453 165
653 228
261 566
699 658
371 560
218 414
83 406
179 593
243 193
105 82
203 710
130 657
596 506
113 477
377 190
498 612
315 591
548 104
316 156
357 315
354 352
352 339
200 600
91 547
600 588
518 606
609 610
400 565
500 673
646 472
159 469
313 392
646 112
571 184
378 708
691 699
89 721
113 544
242 691
449 708
469 95
436 138
349 644
229 619
248 248
278 580
226 619
76 106
82 377
284 217
271 87
245 482
469 235
709 614
309 99
334 532
344 659
488 649
616 651
478 354
310 590
300 332
636 196
425 403
102 585
77 272
602 545
674 282
240 440
706 239
415 245
198 552
300 255
615 522
559 85
341 385
90 608
461 441
490 318
547 402
468 309
528 520
587 254
456 277
333 214
157 508
488 647
571 213
654 488
291 630
543 183
399 669
533 670
466 206
538 416
577 520
94 581
225 583
656 478
312 417
186 112
380 229
582 217
538 252
656 295
257 646
632 709
211 287
433 649
429 112
358 404
286 80
303 634
544 619
499 136
169 434
556 628
276 262
231 301
561 316
228 725
572 345
577 176
723 484
557 142
206 93
90 458
607 354
485 509
440 234
586 366
680 700
267 242
229 485
615 125
90 478
614 162
174 254
699 179
127 112
611 198
273 620
652 154
161 651
701 185
354 659
432 403
620 282
553 191
589 661
221 479
388 153
260 180
136 348
140 408
599 184
316 294
206 98
707 630
248 709
164 233
475 621
548 611
356 623
712 570
588 219
490 466
404 487
230 127
198 492
346 603
484 189
286 491
409 501
347 471
287 477
711 294
526 248
273 536
115 123
717 110
292 428
168 538
679 448
313 155
714 216
499 115
152 479
283 356
611 654
444 695
209 113
512 163
625 206
590 420
198 215
125 300
166 703
81 109
97 82
533 573
271 669
568 296
703 309
529 700
279 565
480 197
231 419
143 446
429 614
446 555
546 587
249 617
641 564
536 160
650 79
499 327
241 720
427 593
701 451
391 316
591 348
284 309
436 238
201 164
209 604
649 412
88 269
254 259
165 714
667 418
721 256
491 470
227 418
83 716
93 582
565 325
298 431
245 670
540 358
652 669
633 279
619 376
217 455
192 534
401 659
168 439
278 638
379 262
231 569
105 208
417 158
461 702
724 696
667 536
337 695
181 645
170 496
339 229
229 164
353 300
595 441
600 478
676 377
701 633
224 127
323 176
247 362
164 710
340 476
678 80
347 722
94 450
724 476
570 669
149 358
179 310
176 416
180 622
298 353
281 287
140 535
260 691
403 203
209 201
399 505
405 600
295 120
421 602
261 408
249 488
289 693
651 601
707 613
295 571
427 138
350 249
97 516
656 351
475 415
722 486
170 317
104 197
200 304
341 685
401 589
181 697
604 164
603 719
247 508
718 502
250 381
421 620
179 195
206 409
131 427
544 429
626 638
591 265
368 293
570 660
127 110
210 181
472 152
621 145
509 116
488 213
331 207
467 568
220 670
342 425
631 527
490 565
532 335
209 514
99 184
549 209
556 118
313 698
430 720
446 473
571 201
75 412
437 687
257 287
454 319
451 225
270 130
312 505
142 551
253 268
503 718
602 470
603 560
592 145
442 199
708 629
121 113
75 120
416 496
238 343
211 659
703 119
675 161
430 228
106 145
406 634
157 243
423 352
668 401
416 370
541 158
102 565
125 606
349 359
185 692
656 156
526 703
93 676
293 672
203 524
610 243
266 160
323 137
595 655
249 225
361 452
623 649
384 386
421 578
230 245
605 587
693 605
446 220
349 566
247 406
94 602
719 342
644 481
161 254
204 383
544 718
267 383
437 409
723 357
602 119
703 244
444 359
638 554
502 599
725 671
652 485
151 476
115 471
95 679
212 441
307 214
553 282
103 421
462 557
529 678
441 719
278 434
277 609
368 326
106 506
168 622
610 507
228 534
183 545
552 92
438 103
680 114
101 673
401 436
380 255
99 408
547 718
414 508
539 630
208 397
374 450
577 531
385 279
196 672
104 582
396 287
660 373
468 205
506 715
518 128
599 608
398 709
408 76
526 640
438 144
292 537
653 387
722 337
316 470
382 286
326 481
299 480
341 645
356 115
444 198
376 331
85 544
247 514
132 370
597 400
123 601
555 231
468 161
589 465
597 656
485 667
613 247
633 592
533 521
183 494
295 316
459 407
264 289
655 435
440 678
85 275
684 622
520 426
618 148
511 300
195 190
219 441
479 201
161 158
413 681
672 632
405 631
511 416
467 710
478 584
723 397
95 145
687 126
378 706
345 612
79 144
540 372
409 340
703 333
161 493
102 496
402 187
650 370
624 466
314 717
118 579
114 110
344 159
720 324
562 157
377 613
534 562
99 105
593 172
516 518
91 574
444 417
352 715
657 601
148 713
591 297
642 631
322 285
243 510
365 688
653 196
542 619
422 647
451 678
550 547
629 512
616 510
620 670
662 453
237 538
300 274
414 515
537 668
415 405
198 573
142 680
256 438
416 546
374 194
211 548
512 282
420 180
366 242
325 387
399 396
248 581
255 267
500 476
696 127
296 492
530 637
434 625
77 221
189 195
281 560
455 552
80 515
535 566
483 192
624 652
610 397
651 584
186 122
336 580
298 118
485 448
601 603
391 623
197 345
456 337
378 112
599 436
396 161
717 652
722 394
711 583
405 244
285 718
175 619
132 139
710 606
384 717
557 423
111 116
278 676
475 543
164 307
133 375
233 668
675 166
95 279
281 164
220 318
344 170
437 629
394 187
716 193
660 319
449 93
629 713
657 587
552 704
567 258
576 534
341 393
520 465
569 627
195 453
723 721
250 182
445 161
398 674
207 457
214 550
683 311
672 105
605 691
311 375
255 646
696 423
182 450
544 613
110 533
516 118
656 192
261 363
667 353
579 235
611 310
81 422
265 517
125 318
498 241
426 85
632 680
645 629
114 587
572 649
508 221
298 639
295 445
383 206
619 220
