400 10 0.0004817 0.0030697 0.156921
400 11 0.0006564 0.0003553 1.84745
400 12 0.0005493 0.0002079 2.64214
400 13 0.0007193 0.0002316 3.10579
400 14 0.0004417 0.0001629 2.71148
400 15 0.0003828 0.0001339 2.85885
400 16 0.0003651 0.0001345 2.7145
400 17 0.0003544 0.0001608 2.20398
400 18 0.0003653 0.0001594 2.29172
400 19 0.0003607 0.0001471 2.45207
400 20 0.0006926 0.0003037 2.28054
400 21 0.0006023 0.000196 3.07296
400 22 0.0004663 0.0001554 3.00064
400 23 0.0004373 0.0001435 3.04739
400 24 0.0004319 0.000144 2.99931
400 25 0.0003524 0.0001576 2.23604
400 26 0.0003489 0.0001843 1.89311
400 27 0.0003533 0.0001791 1.97264
400 28 0.000347 0.0001726 2.01043
400 29 0.0006208 0.0001665 3.72853
400 30 0.0005494 0.0001535 3.57915
400 31 0.0005021 0.0001907 2.63293
400 32 0.0004811 0.0001702 2.82667
400 33 0.0006585 0.0001482 4.44332
400 34 0.0007083 0.0002019 3.50817
400 35 0.0005303 0.0001699 3.12125
400 36 0.000442 0.0001451 3.04618
400 37 0.0006142 0.0001745 3.51977
400 38 0.0006938 0.0001685 4.11751
400 39 0.0007322 0.0002055 3.56302
400 40 0.0004597 0.0001661 2.76761
400 41 0.0004496 0.0001761 2.55309
400 42 0.0005565 0.0001859 2.99354
400 43 0.0004677 0.0001858 2.51722
400 44 0.0005073 0.000259 1.95869
400 45 0.0004978 0.000199 2.50151
400 46 0.0004917 0.000169 2.90947
400 47 0.0003788 0.0001622 2.33539
400 48 0.000472 0.0001334 3.53823
400 49 0.0004275 0.0001304 3.27837
400 50 0.0006908 0.0002485 2.77988
400 51 0.0006409 0.0002626 2.44059
400 52 0.0008428 0.0004523 1.86337
400 53 0.0008189 0.0002317 3.53431
400 54 0.0009791 0.0002969 3.29774
400 55 0.0009135 0.0002532 3.60782
400 56 0.0007937 0.0002741 2.89566
400 57 0.0006737 0.0002239 3.00893
400 58 0.0009214 0.0003082 2.98962
400 59 0.0008012 0.0002373 3.37632
400 60 0.0006955 0.0002841 2.44808
400 61 0.0006272 0.0002661 2.35701
400 62 0.0006052 0.0002655 2.27947
400 63 0.0011717 0.0002225 5.26607
400 64 0.0009431 0.0002977 3.16795
400 65 0.0006135 0.000247 2.48381
400 66 0.0009419 0.000235 4.00809
400 67 0.0007197 0.0003941 1.82619
400 68 0.0006099 0.0002839 2.14829
400 69 0.0006301 0.0002717 2.3191
400 70 0.0006658 0.0002339 2.84652
400 71 0.0006104 0.0002183 2.79615
400 72 0.0006045 0.0003128 1.93254
400 73 0.0005913 0.000243 2.43333
400 74 0.0010955 0.0004473 2.44914
400 75 0.0006858 0.0003115 2.20161
400 76 0.0006178 0.0003218 1.91983
400 77 0.0006305 0.0002805 2.24777
400 78 0.0006067 0.0002301 2.63668
400 79 0.0006001 0.0002434 2.46549
400 80 0.0006045 0.0002521 2.39786
400 81 0.0006109 0.00025 2.4436
400 82 0.0007915 0.0003156 2.50792
400 83 0.0006332 0.0002533 2.4998
400 84 0.0011338 0.0002478 4.57546
400 85 0.0006833 0.0002533 2.69759
400 86 0.0009352 0.0002829 3.30576
400 87 0.0010234 0.0002475 4.13495
400 88 0.0011991 0.0003969 3.02116
400 89 0.0006139 0.0002908 2.11107
400 90 0.0010375 0.0002612 3.97205
400 91 0.0008497 0.0002883 2.94728
400 92 0.000766 0.0003104 2.46778
400 93 0.0008935 0.0003107 2.87576
400 94 0.0007171 0.0002937 2.44161
400 95 0.0005917 0.0003822 1.54814
400 96 0.0006562 0.0002733 2.40102
400 97 0.0005915 0.0002907 2.03474
400 98 0.0007068 0.000262 2.69771
400 99 0.0005915 0.00026 2.275
400 100 0.0016172 0.0007353 2.19937
