400
8 0.0013561 0.0049992 0.271263
9 0.0011555 0.000848 1.36262
10 0.0010277 0.0005691 1.80583
11 0.0011076 0.0006324 1.75142
12 0.0008571 0.0005006 1.71215
13 0.0008439 0.000426 1.98099
14 0.0010998 0.0004281 2.56903
15 0.0015924 0.0009173 1.73596
16 0.0012672 0.0006208 2.04124
17 0.0011516 0.0005848 1.96922
18 0.0013117 0.0006012 2.1818
19 0.0012726 0.0005102 2.49432
20 0.0011169 0.0004707 2.37285
21 0.0007818 0.0004445 1.75883
22 0.0007187 0.0004065 1.76802
23 0.0007103 0.0005015 1.41635
24 0.0008721 0.0004421 1.97263
25 0.0007971 0.0004978 1.60125
26 0.0006374 0.0003779 1.68669
27 0.0006717 0.0003556 1.88892
28 0.0006498 0.0003542 1.83456
29 0.0006424 0.0003334 1.92681
30 0.0006518 0.0003126 2.08509
31 0.0006574 0.0003299 1.99273
32 0.0006347 0.0003361 1.88843
33 0.0006352 0.0003195 1.98811
34 0.0006329 0.0003307 1.91382
35 0.0006563 0.0003117 2.10555
36 0.000645 0.0004927 1.30911
37 0.0006359 0.0003501 1.81634
38 0.0008099 0.0004404 1.83901
39 0.000668 0.0003188 2.09536
40 0.0008233 0.0004052 2.03184
41 0.0006636 0.000375 1.7696
42 0.0006273 0.0003834 1.63615
43 0.0006462 0.0003479 1.85743
44 0.0014458 0.0005948 2.43073
45 0.0010117 0.0004497 2.24972
46 0.0012041 0.0004414 2.72791
47 0.0010297 0.0004931 2.08822
48 0.0009872 0.0003957 2.49482
49 0.0008731 0.0003588 2.43339
50 0.0008158 0.0003805 2.14402
51 0.0008226 0.0004095 2.00879
52 0.0008982 0.000539 1.66642
53 0.0007644 0.0004601 1.66138
54 0.0007578 0.0004954 1.52967
55 0.0007707 0.0004138 1.86249
56 0.0015331 0.0004211 3.6407
57 0.0009075 0.0004325 2.09827
58 0.0008007 0.000415 1.9294
59 0.0009609 0.0004329 2.21968
60 0.0007687 0.0004422 1.73835
61 0.0007859 0.0003922 2.00382
62 0.0007936 0.0004075 1.94748
63 0.0007672 0.0004213 1.82103
64 0.0008911 0.0004111 2.1676
65 0.0009565 0.0003744 2.55475
66 0.0008988 0.0004666 1.92628
67 0.0007832 0.000387 2.02377
68 0.0007745 0.000368 2.10462
69 0.0015835 0.0005228 3.02888
70 0.000959 0.0004429 2.16527
71 0.0008086 0.0004282 1.88837
72 0.0008123 0.0004085 1.98849
73 0.0008067 0.0003859 2.09044
74 0.0009463 0.00039 2.42641
75 0.0008002 0.0004011 1.99501
76 0.0007676 0.0004892 1.56909
77 0.001095 0.0004285 2.55543
78 0.000844 0.0004741 1.78022
79 0.0008086 0.0005352 1.51084
80 0.0010079 0.0004213 2.39236
