10 10 8.6e-06 3.31e-05 0.259819
11 11 7.7e-06 1.04e-05 0.740385
12 12 9.3e-06 1.04e-05 0.894231
13 13 1.17e-05 8.7e-06 1.34483
14 14 1.81e-05 2.26e-05 0.800885
15 15 1.95e-05 2.24e-05 0.870536
16 16 1.52e-05 2.73e-05 0.556777
17 17 1.31e-05 1.62e-05 0.808642
18 18 1.36e-05 1.5e-05 0.906667
19 18 1.8e-05 2.44e-05 0.737705
20 20 1.88e-05 2e-05 0.94
21 21 2.73e-05 2.92e-05 0.934932
22 22 3.04e-05 3.34e-05 0.91018
23 23 2.51e-05 2.75e-05 0.912727
24 22 2.76e-05 3.36e-05 0.821429
25 23 3.82e-05 3.61e-05 1.05817
26 18 3.57e-05 3.55e-05 1.00563
27 27 4.12e-05 4.47e-05 0.9217
28 22 4.29e-05 3.75e-05 1.144
29 18 3.66e-05 3.68e-05 0.994565
30 26 3.73e-05 3.88e-05 0.96134
31 31 2.51e-05 2.83e-05 0.886926
32 31 3.5e-05 3.76e-05 0.930851
33 31 4.33e-05 4.15e-05 1.04337
34 18 5.02e-05 4.42e-05 1.13575
35 22 4.95e-05 4.45e-05 1.11236
36 21 4.77e-05 4.32e-05 1.10417
37 23 5.11e-05 4.56e-05 1.12061
38 33 3.38e-05 4.5e-05 0.751111
39 20 3.6e-05 4.35e-05 0.827586
40 26 4.59e-05 3.89e-05 1.17995
41 35 4.73e-05 5e-05 0.946
42 39 3.47e-05 4.48e-05 0.774554
43 40 3.72e-05 4.94e-05 0.753036
44 40 5.33e-05 4.58e-05 1.16376
45 23 4.14e-05 5.07e-05 0.816568
46 38 6.54e-05 4.7e-05 1.39149
47 20 5.62e-05 4.39e-05 1.28018
48 22 4.11e-05 4.48e-05 0.917411
49 22 5.37e-05 4.44e-05 1.20946
50 24 4.72e-05 4.84e-05 0.975207
51 19 6.48e-05 4.97e-05 1.30382
52 25 6.11e-05 4.85e-05 1.25979
53 39 5.89e-05 5.58e-05 1.05556
54 46 6.61e-05 5.51e-05 1.19964
55 45 6.89e-05 5.4e-05 1.27593
56 27 7.17e-05 5.45e-05 1.3156
57 20 7.8e-05 5.1e-05 1.52941
58 27 6.97e-05 5.03e-05 1.38569
59 54 6.6e-05 5.15e-05 1.28155
60 27 5.94e-05 4.21e-05 1.41093
61 22 6.73e-05 4.93e-05 1.36511
62 17 6.3e-05 5.11e-05 1.23288
63 21 7.47e-05 4.85e-05 1.54021
64 17 8.76e-05 6.05e-05 1.44793
65 18 9.48e-05 5.58e-05 1.69892
66 21 5.5e-05 5.69e-05 0.966608
67 22 7.59e-05 5.39e-05 1.40816
68 25 5.52e-05 5.82e-05 0.948454
69 25 6.91e-05 5.22e-05 1.32375
70 19 8.05e-05 5.96e-05 1.35067
71 21 7.47e-05 5e-05 1.494
72 31 9.53e-05 5.46e-05 1.74542
73 25 6.57e-05 5.48e-05 1.19891
74 16 7.52e-05 5.46e-05 1.37729
75 16 7.63e-05 5.08e-05 1.50197
76 36 8.49e-05 5.35e-05 1.58692
77 18 6.83e-05 6.24e-05 1.09455
78 18 7.68e-05 4.6e-05 1.66957
79 18 9.28e-05 5.25e-05 1.76762
80 26 8.09e-05 5.56e-05 1.45504
81 19 9.13e-05 5.6e-05 1.63036
82 33 9.04e-05 5.92e-05 1.52703
83 17 7.45e-05 5.75e-05 1.29565
84 20 7.9e-05 5.33e-05 1.48218
85 17 0.0001125 6.37e-05 1.76609
86 18 8.33e-05 5.49e-05 1.5173
87 34 0.0001034 6.05e-05 1.70909
88 37 0.000107 6.09e-05 1.75698
89 18 7.29e-05 5.3e-05 1.37547
90 20 8.82e-05 5.59e-05 1.57782
91 20 0.0001234 6.1e-05 2.02295
92 22 9.92e-05 5.94e-05 1.67003
93 18 8.73e-05 5.81e-05 1.50258
94 31 8.46e-05 5.48e-05 1.5438
95 22 0.0001093 5.81e-05 1.88124
96 20 7.73e-05 5.72e-05 1.3514
97 44 9.81e-05 5.55e-05 1.76757
98 20 7.8e-05 4.84e-05 1.61157
99 18 8.36e-05 5.6e-05 1.49286
100 23 0.0001429 6.17e-05 2.31605
101 22 9.77e-05 6.05e-05 1.61488
102 19 0.0001238 6.5e-05 1.90462
103 23 0.0001571 5.53e-05 2.84087
104 25 0.0001296 6.25e-05 2.0736
105 20 8.52e-05 5.03e-05 1.69384
106 17 9.07e-05 6.2e-05 1.4629
107 22 0.0001103 6.03e-05 1.82919
108 33 0.000104 6.21e-05 1.67472
109 25 7.97e-05 6.35e-05 1.25512
110 19 8.76e-05 5.29e-05 1.65595
111 25 0.0001035 6.21e-05 1.66667
112 18 0.0001399 6.09e-05 2.29721
113 22 0.0001077 6.02e-05 1.78904
114 27 0.0001437 6.26e-05 2.29553
115 21 9.58e-05 5.89e-05 1.62649
116 19 0.0001191 5.36e-05 2.22201
117 27 0.000124 5.85e-05 2.11966
118 19 0.0001093 6.37e-05 1.71586
119 28 0.0001326 5.98e-05 2.21739
120 20 0.0001149 5.59e-05 2.05546
121 29 0.0001023 5.63e-05 1.81705
122 27 0.0001484 5.82e-05 2.54983
123 25 9.68e-05 6.74e-05 1.4362
124 27 0.0001206 6.07e-05 1.98682
125 20 0.000105 6.41e-05 1.63807
126 26 0.0001041 4.78e-05 2.17782
127 31 0.0001133 6.83e-05 1.65886
128 18 0.0001352 7.61e-05 1.77661
129 18 0.0001238 7.36e-05 1.68207
130 29 0.0001047 6.61e-05 1.58396
131 30 0.0001446 6.6e-05 2.19091
132 26 0.0001305 6.12e-05 2.13235
133 22 0.0001017 5.69e-05 1.78735
134 28 0.0001403 6.78e-05 2.06932
135 30 0.0001128 4.77e-05 2.36478
136 22 0.0001354 5.98e-05 2.26421
137 33 0.0001517 6.48e-05 2.34105
138 26 0.0001155 6.86e-05 1.68367
139 31 0.000151 6.44e-05 2.34472
140 31 0.0001095 6.57e-05 1.66667
141 28 0.0001253 6.75e-05 1.8563
142 33 0.0001256 5.9e-05 2.12881
143 33 0.0001353 5.51e-05 2.45554
144 32 0.0001202 7.4e-05 1.62432
145 35 0.0001176 6.68e-05 1.76048
146 27 0.0001149 6.74e-05 1.70475
147 29 0.0001304 6.52e-05 2
148 25 0.0001667 7.5e-05 2.22267
149 30 0.0001722 7.2e-05 2.39167
150 23 0.0001761 7.81e-05 2.2548
151 32 0.000163 7.07e-05 2.30552
152 23 0.0001857 7.65e-05 2.42745
153 25 0.0002219 7.16e-05 3.09916
154 28 0.0001829 7.64e-05 2.39398
155 31 0.0001898 7.74e-05 2.4522
156 28 0.0002068 7.6e-05 2.72105
157 31 0.0001844 8.04e-05 2.29353
158 19 0.0002363 8.07e-05 2.92813
159 38 0.0001705 7.71e-05 2.21141
160 31 0.0001206 6.01e-05 2.00666
161 18 0.0001388 8.34e-05 1.66427
162 39 0.0001275 6.65e-05 1.91729
163 35 0.0001365 6.4e-05 2.13281
164 34 0.0001264 7.02e-05 1.80057
165 23 0.0001304 6.76e-05 1.92899
166 33 0.0001283 6.81e-05 1.88399
167 30 0.0001248 6.79e-05 1.838
168 27 0.0001389 6.85e-05 2.02774
169 37 0.0001341 6.54e-05 2.05046
170 26 0.000141 7.39e-05 1.90798
171 38 0.00013 6.59e-05 1.97269
172 26 0.0001357 7.07e-05 1.91938
173 35 0.0001365 6.39e-05 2.13615
174 41 0.0001384 7e-05 1.97714
175 23 0.0001367 6.84e-05 1.99854
176 24 0.00014 6.69e-05 2.09268
177 18 0.0001492 7.61e-05 1.96058
178 43 0.000141 6.88e-05 2.04942
179 30 0.0001552 7.05e-05 2.20142
180 36 0.0001523 7.09e-05 2.1481
181 31 0.0001384 7.12e-05 1.94382
182 22 0.0001891 7.62e-05 2.48163
183 32 0.0001401 7.07e-05 1.98161
184 43 0.0001544 7.37e-05 2.09498
185 25 0.0001457 6.98e-05 2.08739
186 30 0.0001509 7.36e-05 2.05027
187 45 0.0001583 7.1e-05 2.22958
188 46 0.0001524 7.37e-05 2.06784
189 37 0.0001582 7.52e-05 2.10372
190 23 0.000153 7.76e-05 1.97165
191 43 0.0001832 7.6e-05 2.41053
192 43 0.0001559 7.79e-05 2.00128
193 23 0.0001572 7.38e-05 2.13008
194 36 0.0001791 7.41e-05 2.417
195 22 0.0001561 8.02e-05 1.94638
196 26 0.0001754 7.82e-05 2.24297
197 34 0.0001809 7.71e-05 2.3463
198 44 0.0001684 7.9e-05 2.13165
199 43 0.0001761 7.63e-05 2.30799
200 22 0.0001952 7.82e-05 2.49616
201 21 0.0001645 7.25e-05 2.26897
202 47 0.0001603 7.55e-05 2.12318
203 22 0.0001864 7.71e-05 2.41764
204 43 0.0001846 8.23e-05 2.24301
205 23 0.000171 7.27e-05 2.35213
206 44 0.0002727 8.95e-05 3.04693
207 20 0.0001899 8.57e-05 2.21587
208 40 0.0002058 8.73e-05 2.35739
209 24 0.0002018 8.25e-05 2.44606
210 25 0.000172 8.1e-05 2.12346
211 20 0.0001696 8.17e-05 2.07589
212 25 0.0001804 8.66e-05 2.08314
213 29 0.0001989 8.86e-05 2.24492
214 34 0.0002112 8.61e-05 2.45296
215 48 0.000238 9.04e-05 2.63274
216 45 0.0002272 9.35e-05 2.42995
217 23 0.0002069 8.08e-05 2.56064
218 22 0.000188 8.22e-05 2.2871
219 24 0.0004168 8.86e-05 4.70429
220 25 0.0002002 9.09e-05 2.20242
221 26 0.0002074 8.94e-05 2.31991
222 24 0.0002271 8.78e-05 2.58656
223 26 0.0002464 9.2e-05 2.67826
224 19 0.0002251 9.71e-05 2.31823
225 21 0.0002089 9.54e-05 2.18973
226 38 0.0002093 9.46e-05 2.21247
227 25 0.0002065 8.05e-05 2.56522
228 28 0.0002265 8.52e-05 2.65845
229 22 0.0002097 8.74e-05 2.39931
230 28 0.0002189 8.83e-05 2.47905
231 25 0.0002057 9.46e-05 2.17442
232 24 0.0002321 9.16e-05 2.53384
233 19 0.0002267 9.72e-05 2.3323
234 28 0.0002328 9.35e-05 2.48984
235 21 0.0002008 9.56e-05 2.10042
236 22 0.0002018 9.33e-05 2.16292
237 22 0.0002081 9e-05 2.31222
238 29 0.0002337 9.48e-05 2.46519
239 21 0.0002255 9.37e-05 2.40662
240 22 0.0002441 9.8e-05 2.49082
241 19 0.0002447 0.0001008 2.42758
242 28 0.0002084 9.15e-05 2.2776
243 25 0.0001926 9.68e-05 1.98967
244 18 0.0001888 9.17e-05 2.05889
245 21 0.0002054 8.69e-05 2.36364
246 26 0.0002079 9e-05 2.31
247 21 0.0001929 9.13e-05 2.11281
248 23 0.0002247 9.1e-05 2.46923
249 27 0.0002148 9.82e-05 2.18737
250 24 0.0001847 8.9e-05 2.07528
251 24 0.0002001 9.44e-05 2.1197
252 28 0.0002185 0.0001 2.185
253 31 0.0002544 9.37e-05 2.71505
254 22 0.0002349 9.2e-05 2.55326
255 24 0.000269 0.0001009 2.66601
256 28 0.000263 0.0001039 2.53128
257 27 0.0002108 0.0001042 2.02303
258 23 0.0001877 9.53e-05 1.96957
259 30 0.0001934 9.41e-05 2.05526
260 25 0.0002001 8.99e-05 2.22581
261 30 0.000209 9.29e-05 2.24973
262 27 0.0002149 9.48e-05 2.26688
263 31 0.0001968 9.33e-05 2.10932
264 26 0.0002127 9.75e-05 2.18154
265 26 0.0002126 9.69e-05 2.19401
266 26 0.0002261 9.83e-05 2.3001
267 32 0.0002711 0.0001057 2.56481
268 23 0.0002494 0.000105 2.37524
269 31 0.0002449 0.000109 2.24679
270 24 0.0002757 0.0001068 2.58146
271 31 0.0002517 0.000102 2.46765
272 19 0.0002606 0.0001045 2.49378
273 23 0.0002083 0.0001018 2.04617
274 28 0.0002053 0.0001017 2.01868
275 32 0.0002331 0.0001007 2.3148
276 21 0.0002501 9.9e-05 2.52626
277 26 0.0002163 0.0001013 2.13524
278 26 0.0002268 0.0001034 2.19342
279 33 0.0002349 9.88e-05 2.37753
280 33 0.000236 0.0001067 2.21181
281 30 0.0002235 0.0001028 2.17412
282 28 0.0002417 0.0001022 2.36497
283 29 0.0003223 0.0001163 2.77128
284 24 0.0003197 0.0001203 2.65752
285 23 0.0003171 0.0001004 3.15837
286 22 0.0002558 0.0001007 2.54022
287 33 0.0002901 0.0001111 2.61116
288 24 0.0002542 0.0001129 2.25155
289 24 0.0002622 0.0001069 2.45276
290 20 0.0002852 0.0001099 2.59509
291 21 0.0002266 0.0001002 2.26148
292 29 0.0002209 0.0001077 2.05107
293 25 0.0002319 0.000104 2.22981
294 23 0.0002219 9.66e-05 2.2971
295 28 0.0002318 0.0001096 2.11496
296 21 0.0002318 0.000101 2.29505
297 22 0.0002293 0.0001067 2.14902
298 19 0.0002895 0.0001005 2.8806
299 31 0.0002281 0.0001056 2.16004
300 34 0.0002711 0.0001069 2.53601
301 27 0.0002538 0.0001114 2.27828
302 29 0.0002509 0.0001033 2.42885
303 28 0.0002544 0.0001019 2.49657
304 36 0.0002422 0.0001056 2.29356
305 23 0.0002733 9.82e-05 2.7831
306 23 0.0002727 0.0001076 2.53439
307 36 0.0002511 0.0001084 2.31642
308 26 0.0002463 0.0001081 2.27845
309 18 0.0002782 0.0001078 2.58071
310 21 0.0002483 0.0001014 2.44872
311 22 0.0002636 0.0001109 2.37692
312 28 0.0002665 0.0001127 2.36469
313 27 0.0002573 0.0001069 2.40692
314 24 0.0002666 0.0001138 2.34271
315 25 0.000321 0.0001076 2.98327
316 23 0.0002823 0.00011 2.56636
317 24 0.0002551 0.0001084 2.35332
318 36 0.0002629 0.0001201 2.18901
319 23 0.0002643 0.0001216 2.17352
320 39 0.0002648 0.0001116 2.37276
321 28 0.0002586 0.0001152 2.24479
322 24 0.00027 0.0001216 2.22039
323 36 0.0002628 0.0001199 2.19183
324 39 0.0002626 0.0001186 2.21417
325 21 0.0002687 0.0001127 2.38421
326 25 0.0003218 0.0001112 2.89388
327 21 0.0002892 0.0001181 2.44877
328 31 0.0002809 0.0001199 2.34279
329 25 0.0003204 0.0001159 2.76445
330 37 0.000284 0.000123 2.30894
331 35 0.0002721 0.0001163 2.33964
332 36 0.0002693 0.0001143 2.35608
333 31 0.0002816 0.0001153 2.44232
334 23 0.0002779 0.0001217 2.28348
335 22 0.0002801 0.0001197 2.34002
336 19 0.0002685 0.0001135 2.36564
337 38 0.0002819 0.0001182 2.38494
338 41 0.0002694 0.0001163 2.31642
339 20 0.0002694 0.0001141 2.36109
340 20 0.0003029 0.0001247 2.42903
341 41 0.0002776 0.0001118 2.48301
342 20 0.0002745 0.0001239 2.2155
343 39 0.0002702 0.0001184 2.28209
344 30 0.0002821 0.0001154 2.44454
345 19 0.0002997 0.0001154 2.59705
346 34 0.0002871 0.0001185 2.42278
347 41 0.0003223 0.000104 3.09904
348 39 0.000285 0.000124 2.29839
349 40 0.000273 0.0001145 2.38428
350 25 0.0003043 0.0001162 2.61876
351 26 0.0002964 0.0001298 2.28351
352 18 0.0003017 0.0001204 2.50581
353 21 0.0002785 0.0001178 2.36418
354 24 0.0002964 0.0001215 2.43951
355 41 0.0002976 0.0001221 2.43735
356 33 0.0002916 0.0001193 2.44426
357 40 0.0002888 0.0001204 2.39867
358 39 0.0002936 0.000121 2.42645
359 31 0.0003219 0.0001274 2.52669
360 43 0.0003275 0.0001177 2.7825
361 18 0.0003025 0.0001271 2.38002
362 43 0.000315 0.00013 2.42308
363 40 0.0002971 0.0001187 2.50295
364 16 0.000303 0.000125 2.424
365 22 0.0003339 0.0001181 2.82727
366 21 0.0003225 0.0001192 2.70554
367 38 0.0002995 0.0001229 2.43694
368 34 0.0003082 0.0001264 2.43829
369 35 0.0003035 0.0001252 2.42412
370 22 0.0003091 0.0001307 2.36496
371 26 0.0003118 0.0001253 2.48843
372 22 0.0003419 0.0001275 2.68157
373 26 0.0003143 0.0001207 2.60398
374 45 0.0003115 0.0001315 2.36882
375 27 0.0003077 0.0001342 2.29285
376 35 0.0003181 0.000129 2.46589
377 40 0.0003145 0.0001214 2.59061
378 20 0.0002999 0.0001337 2.24308
379 22 0.000303 0.00013 2.33077
380 34 0.0003239 0.0001186 2.73103
381 29 0.0003538 0.0001264 2.79905
382 18 0.0003352 0.0001235 2.71417
383 18 0.0004246 0.0001303 3.25863
384 47 0.0003515 0.0001379 2.54895
385 31 0.0003297 0.0001316 2.50532
386 23 0.0003152 0.0001322 2.38427
387 32 0.000332 0.0001343 2.47208
388 18 0.0003162 0.0001286 2.45879
389 23 0.0003312 0.0001405 2.3573
390 43 0.000343 0.000126 2.72222
391 21 0.0003203 0.0001314 2.4376
392 20 0.0003228 0.0001303 2.47736
393 20 0.0003335 0.00014 2.38214
394 41 0.0003409 0.0001295 2.63243
395 26 0.0003383 0.0001311 2.58047
396 42 0.0003384 0.0001365 2.47912
397 28 0.0003429 0.0001356 2.52876
398 44 0.000326 0.0001352 2.41124
399 21 0.0004113 0.0001364 3.0154
400 23 0.0003991 0.0001365 2.92381
401 45 0.0003505 0.0001403 2.49822
402 24 0.0003972 0.0001327 2.99322
403 21 0.0004071 0.0001363 2.98679
404 28 0.0003801 0.00014 2.715
405 22 0.0003858 0.0001351 2.85566
406 24 0.0003909 0.0001333 2.93248
407 23 0.0004229 0.0001401 3.01856
408 43 0.0004255 0.0001489 2.85762
409 22 0.0003917 0.0001443 2.71448
410 22 0.0003771 0.0001469 2.56705
411 24 0.0004183 0.0001386 3.01804
412 24 0.0003757 0.0001422 2.64205
413 37 0.0004078 0.0001565 2.60575
414 21 0.0004446 0.0001487 2.98991
415 24 0.0004449 0.0001492 2.9819
416 21 0.000476 0.0001564 3.04348
417 42 0.0004219 0.0001588 2.6568
418 51 0.00042 0.0001572 2.67176
419 21 0.0004805 0.0001451 3.31151
420 24 0.0004036 0.0001355 2.9786
421 25 0.0003823 0.0001514 2.5251
422 24 0.0004014 0.0001381 2.90659
423 19 0.0003842 0.0001528 2.5144
424 18 0.0003596 0.0001467 2.45126
425 38 0.0004365 0.0001519 2.8736
426 20 0.0004489 0.0001578 2.84474
427 20 0.0004196 0.0001497 2.80294
428 22 0.0004399 0.0001511 2.91132
429 25 0.0004347 0.0001537 2.82824
430 21 0.000477 0.0001589 3.00189
431 26 0.0004831 0.0001594 3.03074
432 20 0.0004132 0.0001501 2.75283
433 22 0.0004404 0.000148 2.97568
434 24 0.0003923 0.0001522 2.57753
435 24 0.000391 0.0001473 2.65445
436 23 0.0004334 0.0001491 2.90677
437 21 0.0004101 0.0001536 2.66992
438 26 0.0004127 0.0001561 2.64382
439 21 0.0004136 0.0001509 2.74089
440 23 0.0004054 0.0001467 2.76346
441 22 0.0004283 0.0001547 2.76858
442 21 0.0004697 0.0001495 3.14181
443 23 0.0004336 0.000152 2.85263
444 21 0.0003808 0.0001562 2.4379
445 24 0.0004431 0.0001575 2.81333
446 23 0.0004063 0.0001456 2.79052
447 19 0.0005085 0.0001577 3.22448
448 26 0.0004313 0.000154 2.80065
449 45 0.0004702 0.0001542 3.04929
450 25 0.0003906 0.0001473 2.65173
451 27 0.0004443 0.0001473 3.01629
452 20 0.0004577 0.0001616 2.8323
453 26 0.0004143 0.0001502 2.75832
454 20 0.000379 0.0001445 2.62284
455 20 0.0004394 0.0001528 2.87565
456 22 0.0005451 0.0001633 3.33803
457 24 0.0006246 0.000194 3.21959
458 27 0.0007305 0.0001813 4.02923
459 44 0.0007112 0.0001795 3.96212
460 19 0.0004569 0.0001546 2.95537
461 19 0.0004814 0.0001751 2.74929
462 18 0.0004786 0.0001634 2.92901
463 23 0.0004845 0.0001671 2.89946
464 28 0.00053 0.0001735 3.05476
465 20 0.000532 0.0001619 3.28598
466 26 0.0004482 0.0001596 2.80827
467 22 0.000458 0.000161 2.84472
468 21 0.0004443 0.0001591 2.79258
469 19 0.0004268 0.0001587 2.68935
470 28 0.0004508 0.0001689 2.66903
471 24 0.0004308 0.0001557 2.76686
472 26 0.0004095 0.0001634 2.50612
473 23 0.0004212 0.0001567 2.68794
474 23 0.0004508 0.0001622 2.77928
475 18 0.0004527 0.0001614 2.80483
476 27 0.0004805 0.0001646 2.9192
477 26 0.0005016 0.0001764 2.84354
478 26 0.0004498 0.000163 2.75951
479 21 0.0005109 0.0001657 3.08328
480 22 0.000436 0.0001605 2.71651
481 27 0.0004906 0.0001632 3.00613
482 23 0.0004751 0.0001566 3.03384
483 22 0.0004454 0.0001607 2.77162
484 29 0.0004082 0.0001515 2.69439
485 26 0.0004563 0.0001537 2.96877
486 20 0.0004118 0.0001516 2.71636
487 20 0.000443 0.0001546 2.86546
488 26 0.0004328 0.000151 2.86623
489 29 0.0004644 0.0001665 2.78919
490 25 0.0004529 0.0001662 2.72503
491 25 0.000422 0.0001603 2.63256
492 20 0.0004369 0.0001634 2.67381
493 25 0.0004176 0.0001521 2.74556
494 22 0.0004478 0.0001569 2.85405
495 24 0.0004345 0.0001543 2.81594
496 26 0.0005013 0.0001666 3.009
497 24 0.0004206 0.0001528 2.75262
498 22 0.0004115 0.0001576 2.61104
499 28 0.0004423 0.000151 2.92914
500 23 0.0004329 0.0001607 2.69384
501 21 0.0004249 0.0001613 2.63422
502 22 0.0004199 0.0001592 2.63756
503 20 0.0004131 0.000155 2.66516
504 24 0.0003907 0.0001554 2.51416
505 21 0.0003976 0.0001552 2.56186
506 26 0.0004221 0.0001583 2.66646
507 27 0.0004042 0.0001551 2.60606
508 26 0.000412 0.0001628 2.53071
509 29 0.0003941 0.000156 2.52628
510 23 0.0003909 0.0001606 2.434
511 24 0.0004218 0.0001686 2.50178
512 30 0.0003815 0.0001549 2.46288
513 28 0.0004094 0.0001713 2.38996
514 25 0.0004122 0.0001677 2.45796
515 19 0.0004259 0.0001685 2.5276
516 23 0.0004231 0.0001674 2.52748
517 28 0.0005095 0.0001913 2.66336
518 25 0.000423 0.0001549 2.73079
519 29 0.0004166 0.0001692 2.46217
520 23 0.0004046 0.0001612 2.50993
521 31 0.000434 0.0001668 2.60192
522 23 0.0004297 0.0001598 2.68899
523 20 0.0004324 0.0001687 2.56313
524 29 0.0004407 0.0001692 2.60461
525 20 0.0004334 0.0001652 2.62349
526 26 0.0004243 0.0001647 2.5762
527 30 0.0004349 0.0001637 2.65669
528 32 0.0004211 0.0001614 2.60905
529 31 0.0004374 0.0001657 2.63971
530 32 0.0004367 0.0001624 2.68904
531 17 0.000451 0.0001712 2.63435
532 28 0.000436 0.0001631 2.67321
533 27 0.0004492 0.0001589 2.82694
534 32 0.0004961 0.0001738 2.85443
535 31 0.000481 0.0001749 2.75014
536 24 0.0004514 0.0001686 2.67734
537 26 0.0004703 0.0001724 2.72796
538 31 0.0004864 0.0001749 2.78102
539 29 0.0004973 0.0001713 2.90309
540 32 0.0004549 0.0001673 2.71907
541 31 0.0004963 0.000178 2.7882
542 27 0.0005155 0.000184 2.80163
543 22 0.0005158 0.0001669 3.09047
544 23 0.0005127 0.0001737 2.95164
545 21 0.0004427 0.0001776 2.49268
546 24 0.0007976 0.0001949 4.09236
547 28 0.0004455 0.0001715 2.59767
548 28 0.0004403 0.0001842 2.39034
549 32 0.0004335 0.000169 2.56509
550 31 0.0004522 0.0001716 2.6352
551 27 0.000452 0.0001738 2.60069
552 27 0.0004351 0.0001691 2.57303
553 24 0.0004773 0.0001576 3.02855
554 27 0.0004573 0.0001756 2.60421
555 31 0.0004405 0.0001609 2.73773
556 32 0.0008491 0.0001613 5.2641
557 23 0.0004443 0.0001743 2.54905
558 31 0.000443 0.0001751 2.52998
559 27 0.0004652 0.0001726 2.69525
560 20 0.0004671 0.0001724 2.7094
561 30 0.0004503 0.0001699 2.65038
562 30 0.0004577 0.0001706 2.68288
563 21 0.0004495 0.0001692 2.65662
564 22 0.0004648 0.0001822 2.55104
565 31 0.0004578 0.0001737 2.63558
566 28 0.0004458 0.0001768 2.52149
567 28 0.0004828 0.000182 2.65275
568 25 0.000467 0.0001801 2.593
569 20 0.0005266 0.0001794 2.93534
570 19 0.0004706 0.0001905 2.47034
571 31 0.0004676 0.0001882 2.48459
572 19 0.0004535 0.0001913 2.37062
573 22 0.000466 0.0001768 2.63575
574 29 0.000465 0.0001797 2.58765
575 31 0.0004624 0.0001814 2.54906
576 32 0.0004519 0.0001894 2.38596
577 30 0.0004689 0.0001972 2.37779
578 26 0.0004744 0.0001867 2.54097
579 20 0.0005068 0.0001772 2.86005
580 30 0.0005676 0.0001975 2.87392
581 28 0.0004653 0.0001934 2.40589
582 21 0.000474 0.000184 2.57609
583 25 0.0004557 0.0001758 2.59215
584 25 0.0004984 0.000177 2.81582
585 34 0.0004799 0.0001786 2.68701
586 31 0.000484 0.0001848 2.61905
587 32 0.0005101 0.0001953 2.61188
588 20 0.0004953 0.0001891 2.61925
589 22 0.00049 0.0001802 2.7192
590 27 0.0004949 0.0001803 2.74487
591 32 0.0004912 0.0001896 2.59072
592 25 0.0004917 0.0001901 2.58653
593 22 0.0004995 0.000189 2.64286
594 31 0.0004824 0.0001842 2.61889
595 27 0.0004914 0.0001869 2.62921
596 33 0.0004955 0.000193 2.56736
597 34 0.0005126 0.0001909 2.68518
598 30 0.0004923 0.0001869 2.63403
599 24 0.0004936 0.0001891 2.61026
600 24 0.0005282 0.0001986 2.65962
601 31 0.0005086 0.000175 2.90629
602 24 0.0004823 0.0001823 2.64564
603 31 0.0004986 0.0001901 2.62283
604 25 0.0005098 0.0001843 2.76614
605 27 0.0005077 0.0001958 2.59295
606 33 0.0005443 0.000201 2.70796
607 26 0.0005373 0.0002016 2.66518
608 29 0.0005572 0.0001987 2.80423
609 25 0.0005213 0.0001985 2.6262
610 28 0.000502 0.0001836 2.7342
611 26 0.0005088 0.000189 2.69206
612 31 0.0005137 0.0001881 2.73099
613 20 0.0005293 0.0001962 2.69776
614 26 0.000569 0.0002009 2.83225
615 28 0.0005281 0.0001943 2.71796
616 20 0.0005573 0.0001981 2.81323
617 32 0.0004949 0.0001882 2.62965
618 30 0.0005286 0.0002023 2.61295
619 26 0.0004982 0.000185 2.69297
620 33 0.0005174 0.0001823 2.83818
621 27 0.0005205 0.0001881 2.76715
622 35 0.0005072 0.0001936 2.61983
623 24 0.0005321 0.0001945 2.73573
624 23 0.0005181 0.0001879 2.75732
625 29 0.0005318 0.0001968 2.70224
626 37 0.0010717 0.0001918 5.58759
627 22 0.0005244 0.0001993 2.63121
628 32 0.0005189 0.0002004 2.58932
629 21 0.000523 0.0001949 2.68343
630 33 0.0005263 0.0002004 2.62625
631 29 0.0005285 0.0001991 2.65445
632 25 0.0005337 0.0001994 2.67653
633 33 0.0005717 0.0001936 2.953
634 27 0.0005189 0.0002001 2.5932
635 27 0.0005185 0.0001993 2.60161
636 30 0.0005336 0.0002039 2.61697
637 30 0.0005352 0.0002014 2.6574
638 29 0.0005299 0.0002003 2.64553
639 20 0.0005488 0.0002047 2.681
640 39 0.0005243 0.0002064 2.54021
641 38 0.0005531 0.0002042 2.70862
642 33 0.0005276 0.0002039 2.58754
643 29 0.0005797 0.0002095 2.76706
644 39 0.0005508 0.0001951 2.82317
645 20 0.000563 0.0002043 2.75575
646 31 0.0005418 0.0002025 2.67556
647 36 0.0005523 0.0001949 2.83376
648 27 0.000549 0.0002061 2.66376
649 34 0.0005566 0.0002107 2.64167
650 39 0.0005335 0.0002006 2.65952
651 39 0.0005803 0.0002077 2.79393
652 23 0.0005685 0.000198 2.87121
653 39 0.0005225 0.0001963 2.66174
654 31 0.0005247 0.0002099 2.49976
655 34 0.0005295 0.0002015 2.62779
656 29 0.0005535 0.0002044 2.70793
657 23 0.0005697 0.0002069 2.7535
658 30 0.0005545 0.0001973 2.81044
659 25 0.0005466 0.0002097 2.60658
660 25 0.0005509 0.0002059 2.67557
661 33 0.0005394 0.000211 2.5564
662 39 0.0005481 0.0002124 2.58051
663 33 0.0005524 0.0002024 2.72925
664 31 0.0005747 0.0001997 2.87782
665 37 0.0005928 0.000197 3.00914
666 27 0.0005766 0.0002078 2.77478
667 32 0.0005629 0.0002166 2.5988
668 24 0.0005517 0.0002026 2.7231
669 27 0.0008657 0.0002057 4.20856
670 22 0.0005907 0.0002195 2.69112
671 36 0.0011251 0.0002281 4.93249
672 28 0.0010179 0.0002036 4.99951
673 33 0.000553 0.0002035 2.71744
674 28 0.0009245 0.0002176 4.24862
675 32 0.0005988 0.0001982 3.02119
676 36 0.0006236 0.0002127 2.93183
677 30 0.0005686 0.0002061 2.75885
678 37 0.0011163 0.0002099 5.31825
679 23 0.0005911 0.0002038 2.90039
680 40 0.0006029 0.0002143 2.81335
681 38 0.0005651 0.0002041 2.76874
682 33 0.0006223 0.0001987 3.13186
683 33 0.0008676 0.0002038 4.25711
684 32 0.0009364 0.0002156 4.34323
685 41 0.0006067 0.0002179 2.7843
686 40 0.000577 0.000204 2.82843
687 22 0.0005833 0.0002138 2.72825
688 33 0.0011433 0.0002115 5.40567
689 34 0.0006387 0.0001966 3.24873
690 32 0.0006166 0.0002046 3.01369
691 41 0.0006289 0.0002104 2.98907
692 31 0.0005595 0.000218 2.56651
693 42 0.0011519 0.0002042 5.64104
694 35 0.0009909 0.0002095 4.72983
695 19 0.0005786 0.0001811 3.19492
696 25 0.0007064 0.0002749 2.56966
697 20 0.0008791 0.0002289 3.84054
698 40 0.001132 0.0002076 5.45279
699 39 0.0006338 0.0002076 3.05299
700 22 0.0006034 0.0002049 2.94485
701 41 0.0005918 0.0001992 2.97088
702 27 0.000732 0.0002119 3.45446
703 40 0.0010584 0.0002114 5.00662
704 25 0.0009398 0.000218 4.31101
705 38 0.0006158 0.0002203 2.79528
706 25 0.0010559 0.0002138 4.93873
707 27 0.0008582 0.0002559 3.35365
708 39 0.0008473 0.0002181 3.88492
709 25 0.0010916 0.0002166 5.0397
710 38 0.0011863 0.0002211 5.36545
711 36 0.0005911 0.0002082 2.8391
712 32 0.0010752 0.0002142 5.01961
713 43 0.0006685 0.0002258 2.96058
714 24 0.0008558 0.0002191 3.90598
715 20 0.0006473 0.000227 2.85154
716 43 0.00061 0.0002254 2.7063
717 26 0.0008762 0.0002204 3.9755
718 21 0.0010015 0.000211 4.74645
719 38 0.0008482 0.000223 3.80359
720 35 0.0006668 0.0002293 2.90798
721 37 0.0006623 0.0002314 2.86214
722 25 0.0010672 0.0002114 5.04825
723 20 0.0009122 0.000208 4.38558
724 26 0.0010952 0.0002154 5.08449
725 35 0.0012421 0.0002096 5.92605
726 19 0.0010109 0.0002162 4.67576
727 42 0.000675 0.0002198 3.07097
728 20 0.0008514 0.0002336 3.64469
729 24 0.0006674 0.0002219 3.00766
730 36 0.0010086 0.0002118 4.76204
731 18 0.0010959 0.0002273 4.82138
732 21 0.0006254 0.0002248 2.78203
733 33 0.0012941 0.0002343 5.52326
734 27 0.0006345 0.0002283 2.77924
735 27 0.0012419 0.0002281 5.44454
736 20 0.0010385 0.0002313 4.48984
737 35 0.0008559 0.000229 3.73755
738 21 0.0012889 0.0002309 5.58207
739 33 0.0011081 0.000227 4.8815
740 21 0.0006115 0.0002245 2.72383
741 35 0.0009869 0.0002375 4.15537
742 20 0.0006135 0.0002282 2.68843
743 43 0.0006545 0.0002309 2.83456
744 32 0.0009812 0.0002275 4.31297
745 44 0.001154 0.0002177 5.30087
746 41 0.0006492 0.0002387 2.71973
747 41 0.0010328 0.0002248 4.59431
748 37 0.0013092 0.0002348 5.57581
749 31 0.0009922 0.0002368 4.19003
750 25 0.0013631 0.0002414 5.64664
751 43 0.0006937 0.0002359 2.94065
752 34 0.0007773 0.0002252 3.4516
753 20 0.0012667 0.0002349 5.39251
754 18 0.0006913 0.0002377 2.90829
755 19 0.0006406 0.0002353 2.72248
756 20 0.0006567 0.0002244 2.92647
757 33 0.0007236 0.0002293 3.15569
758 22 0.0006245 0.000229 2.72707
759 17 0.0006257 0.0002326 2.69003
760 30 0.000722 0.0002182 3.30889
761 35 0.0006413 0.000236 2.71737
762 23 0.0007164 0.0002488 2.87942
763 22 0.0006452 0.0002348 2.74787
764 46 0.0007385 0.0002514 2.93755
765 46 0.0007188 0.0002484 2.89372
766 23 0.000733 0.0002413 3.03771
767 21 0.0006639 0.0002146 3.09366
768 19 0.0006107 0.0002268 2.69268
769 46 0.0007044 0.0002346 3.00256
770 44 0.0010276 0.0002409 4.26567
771 38 0.0010418 0.0002225 4.68225
772 42 0.0008234 0.0002499 3.29492
773 34 0.0006791 0.000241 2.81784
774 32 0.000711 0.0002431 2.92472
775 20 0.0007139 0.0002256 3.16445
776 47 0.0009414 0.0002493 3.77617
777 29 0.0009967 0.0002512 3.96775
778 31 0.0014378 0.0002969 4.84271
779 30 0.0007348 0.0002275 3.22989
780 25 0.0006877 0.0002362 2.91152
781 40 0.0007545 0.000255 2.95882
782 21 0.000695 0.0002286 3.04024
783 21 0.0012175 0.0002294 5.30732
784 45 0.0011782 0.0002492 4.72793
785 20 0.0006588 0.0002542 2.59166
786 43 0.0007128 0.000255 2.79529
787 17 0.0007232 0.0002567 2.8173
788 21 0.0011786 0.0002411 4.88843
789 46 0.0010495 0.0002399 4.37474
790 35 0.001398 0.0002519 5.54982
791 35 0.0007742 0.0002445 3.16646
792 35 0.0007087 0.0002243 3.15961
793 34 0.0007485 0.000253 2.9585
794 39 0.0013484 0.0002502 5.38929
795 34 0.0007445 0.0002511 2.96495
796 34 0.0007266 0.000252 2.88333
797 28 0.0011087 0.0002511 4.41537
798 28 0.0014646 0.0002602 5.62875
799 36 0.0009143 0.0002485 3.67928
800 45 0.0012898 0.0002675 4.82168
801 46 0.0007675 0.0002323 3.30392
802 41 0.0007737 0.0002568 3.01285
803 46 0.0007957 0.0002555 3.11429
804 35 0.0013603 0.0002702 5.03442
805 42 0.0007633 0.0002519 3.03017
806 44 0.0014427 0.0002631 5.48347
807 34 0.000822 0.0002572 3.19596
808 45 0.001177 0.0002729 4.31294
809 40 0.0014602 0.000269 5.42825
810 24 0.0008308 0.0002803 2.96397
811 38 0.0008785 0.0002723 3.22622
812 24 0.0008112 0.0002734 2.96708
813 34 0.0009725 0.0002294 4.23932
814 20 0.0012211 0.0002605 4.68752
815 23 0.001075 0.0002722 3.9493
816 21 0.0008069 0.0002622 3.07742
817 22 0.0007604 0.0002718 2.79765
818 23 0.0008318 0.0002757 3.01705
819 50 0.0011084 0.0002756 4.02177
820 24 0.0008841 0.0002754 3.21024
821 17 0.0008488 0.0002814 3.01635
822 24 0.0008398 0.0002681 3.13241
823 21 0.0008628 0.0002629 3.28186
824 24 0.0012023 0.0002899 4.14729
825 46 0.000925 0.0002741 3.37468
826 41 0.0017111 0.0002935 5.82998
827 42 0.0008957 0.0002862 3.12963
828 50 0.001621 0.0002881 5.62652
829 46 0.0010282 0.0002532 4.06082
830 22 0.0009263 0.000306 3.02712
831 38 0.0010505 0.0002923 3.59391
832 23 0.0015104 0.0002676 5.64425
833 47 0.0008431 0.000273 3.08828
834 36 0.0008646 0.000292 2.96096
835 40 0.0008668 0.0002776 3.12248
836 24 0.0009209 0.0002802 3.28658
837 51 0.0008284 0.0002736 3.02778
838 22 0.0008865 0.0002738 3.23776
839 50 0.001231 0.0002791 4.41061
840 44 0.000863 0.0002955 2.92047
841 20 0.0009831 0.0002714 3.62233
842 21 0.0008906 0.0002876 3.09666
843 17 0.0009753 0.0002725 3.57908
844 39 0.0011578 0.0002858 4.05108
845 50 0.0013514 0.0002751 4.9124
846 23 0.0008957 0.000281 3.18754
847 23 0.0015873 0.0002889 5.49429
848 19 0.000903 0.0002781 3.24703
849 17 0.0008607 0.000291 2.95773
850 23 0.0010676 0.0002982 3.58015
851 24 0.000907 0.000287 3.16028
852 46 0.0017018 0.0002929 5.81017
853 19 0.0014825 0.0002917 5.08228
854 32 0.0011361 0.0002664 4.26464
855 45 0.0011483 0.0002876 3.9927
856 46 0.0009531 0.0002864 3.32786
857 22 0.0010111 0.0002973 3.40094
858 24 0.0010929 0.000293 3.73003
859 23 0.0015868 0.0003147 5.04226
860 50 0.0009492 0.000298 3.18523
861 48 0.0009089 0.0002944 3.0873
862 36 0.0012064 0.0002967 4.06606
863 22 0.0015568 0.000293 5.31331
864 22 0.0016817 0.0003068 5.48142
865 24 0.0010209 0.0002998 3.40527
866 18 0.0008348 0.0002799 2.98249
867 25 0.0008427 0.0002756 3.05769
868 43 0.000832 0.0002362 3.52244
869 52 0.0014581 0.0003044 4.79008
870 48 0.0008682 0.000304 2.85592
871 17 0.0013786 0.000297 4.64175
872 21 0.0008882 0.0003009 2.95181
873 20 0.0008586 0.0002968 2.89286
874 20 0.0008918 0.0002921 3.05306
875 26 0.000952 0.00029 3.28276
876 18 0.000853 0.0002742 3.11087
877 17 0.0011468 0.0002691 4.26161
878 22 0.0009034 0.0002687 3.36211
879 26 0.0009742 0.0002879 3.38381
880 19 0.0008142 0.0002889 2.81828
881 22 0.0007991 0.0002823 2.83068
882 19 0.0008424 0.0002629 3.20426
883 21 0.0015369 0.0002962 5.18872
884 17 0.0009291 0.0003013 3.08364
885 23 0.0008999 0.0002803 3.21049
886 24 0.0008411 0.0002813 2.99005
887 26 0.0009617 0.000307 3.13257
888 18 0.0010018 0.0003063 3.27065
889 37 0.0016602 0.0003184 5.2142
890 35 0.0009984 0.0003052 3.2713
891 39 0.001055 0.0002911 3.62418
892 25 0.0011822 0.0003088 3.82837
893 20 0.0009981 0.0003143 3.17563
894 23 0.0011061 0.0003038 3.64088
895 39 0.0009899 0.0003054 3.24132
896 25 0.0010001 0.0002908 3.43913
897 24 0.0008581 0.0002948 2.91079
898 25 0.0009873 0.0003218 3.06805
899 20 0.0009574 0.0003157 3.03263
900 23 0.0009721 0.0003038 3.1998
901 21 0.0009516 0.0002965 3.20944
902 22 0.0010434 0.0002972 3.51077
903 30 0.0009155 0.0002577 3.55258
904 23 0.0008751 0.0002892 3.02593
905 25 0.0009568 0.0003067 3.11966
906 22 0.0009771 0.0003103 3.14889
907 20 0.0009523 0.000302 3.15331
908 25 0.0010463 0.0002908 3.59801
909 23 0.0010811 0.0002894 3.73566
910 23 0.0009791 0.0003107 3.15127
911 21 0.0010242 0.000301 3.40266
912 23 0.0009105 0.000289 3.15052
913 24 0.0009816 0.0003054 3.21415
914 27 0.0010917 0.0002957 3.69192
915 20 0.0008743 0.0002962 2.95172
916 27 0.0009046 0.0002942 3.07478
917 21 0.000884 0.0002873 3.07692
918 24 0.0013854 0.0002911 4.75919
919 26 0.0014816 0.0003103 4.77473
920 23 0.0009873 0.000313 3.15431
921 22 0.0011802 0.0003071 3.84305
922 23 0.0012344 0.0003149 3.91997
923 51 0.0014877 0.0003065 4.85383
924 26 0.0014804 0.0003012 4.91501
925 49 0.000969 0.0002812 3.44595
926 49 0.0015297 0.000314 4.87166
927 26 0.0009877 0.0002981 3.31332
928 21 0.000957 0.0002951 3.24297
929 48 0.0011281 0.0003129 3.60531
930 24 0.0010302 0.0003168 3.25189
931 19 0.0009712 0.0002977 3.26234
932 26 0.0009513 0.0002838 3.35201
933 27 0.0010153 0.0003169 3.20385
934 25 0.0012229 0.0003201 3.82037
935 51 0.0012164 0.0003388 3.59032
936 21 0.0013974 0.0003315 4.21538
937 28 0.0015098 0.000308 4.90195
938 18 0.000945 0.0003038 3.1106
939 27 0.0010436 0.0003268 3.19339
940 28 0.0009706 0.0003106 3.12492
941 21 0.001281 0.000289 4.43253
942 27 0.0009062 0.0003075 2.94699
943 25 0.0009382 0.0002992 3.1357
944 27 0.0012325 0.0002618 4.70779
945 28 0.0009818 0.0002579 3.8069
946 54 0.0013518 0.000303 4.46139
947 19 0.0009814 0.0003008 3.26263
948 19 0.0009652 0.0003135 3.07879
949 54 0.0010031 0.0002825 3.5508
950 24 0.0010082 0.0003222 3.12911
951 26 0.0013484 0.0003197 4.2177
952 28 0.0010591 0.0003254 3.25476
953 27 0.0010292 0.0003199 3.21726
954 35 0.0010559 0.0003106 3.39955
955 23 0.0010116 0.0002987 3.38668
956 23 0.0010552 0.0003248 3.24877
957 29 0.0016893 0.00033 5.11909
958 18 0.0011026 0.0003393 3.24963
959 21 0.001564 0.0003251 4.81083
960 25 0.0012462 0.0003374 3.69354
961 27 0.0010167 0.0003241 3.13699
962 28 0.0012863 0.0003172 4.05517
963 27 0.0012627 0.0003097 4.07717
964 27 0.0010544 0.0003233 3.26137
965 18 0.0009981 0.0003252 3.06919
966 28 0.0009794 0.0003262 3.00245
967 21 0.0015853 0.0003143 5.04391
968 27 0.0010171 0.0003299 3.08306
969 25 0.0010777 0.000316 3.41044
970 24 0.0009832 0.0003186 3.086
971 17 0.000926 0.000287 3.22648
972 27 0.0010553 0.0002898 3.64148
973 25 0.0010395 0.0003082 3.37281
974 18 0.0009605 0.0003 3.20167
975 28 0.0010829 0.0003124 3.46639
976 21 0.0012532 0.0002953 4.24382
977 24 0.0013601 0.0002987 4.5534
978 19 0.0012582 0.0003047 4.12931
979 24 0.0018578 0.0003176 5.8495
980 29 0.0014464 0.0002869 5.04148
981 25 0.0010064 0.0003096 3.25065
982 18 0.001065 0.0003146 3.38525
983 42 0.0013584 0.0002928 4.63934
984 17 0.0010124 0.0003156 3.20786
985 21 0.0017907 0.0003223 5.556
986 29 0.00175 0.000329 5.31915
987 21 0.0009738 0.000324 3.00556
988 22 0.0015013 0.0003317 4.52608
989 60 0.0019545 0.0002821 6.92839
990 29 0.0017224 0.0003169 5.43515
991 19 0.0012277 0.0002814 4.36283
992 27 0.0010042 0.0002924 3.43434
993 22 0.001425 0.0003128 4.55563
994 24 0.000954 0.0003087 3.09038
995 21 0.0014487 0.0003155 4.59176
996 20 0.0018189 0.0003202 5.68051
997 28 0.0010435 0.0003127 3.33706
998 26 0.0015047 0.0003157 4.76623
999 24 0.0009558 0.0002795 3.41968
1000 53 0.0010299 0.000284 3.62641
