10 -1 1.98e-05 1.98e-05 1
11 -1 9.2e-06 9.2e-06 1
12 -1 8.7e-06 8.7e-06 1
13 -1 1.16e-05 1.16e-05 1
14 -1 8.1e-06 8.1e-06 1
15 -1 1.74e-05 1.74e-05 1
16 -1 1.29e-05 1.29e-05 1
17 -1 1.61e-05 1.61e-05 1
18 -1 2.23e-05 2.23e-05 1
19 -1 1.79e-05 1.79e-05 1
20 -1 9.5e-06 9.5e-06 1
21 -1 1.34e-05 1.34e-05 1
22 -1 1.4e-05 1.4e-05 1
23 -1 1.28e-05 1.28e-05 1
24 -1 1.42e-05 1.42e-05 1
25 -1 1.83e-05 1.83e-05 1
26 -1 1.36e-05 1.36e-05 1
27 -1 2.99e-05 2.99e-05 1
28 -1 2.53e-05 2.53e-05 1
29 -1 2.72e-05 2.72e-05 1
30 -1 3.5e-05 3.5e-05 1
31 -1 3.16e-05 3.16e-05 1
32 -1 3.19e-05 3.19e-05 1
33 -1 2.74e-05 2.74e-05 1
34 -1 3.38e-05 3.38e-05 1
35 -1 2.32e-05 2.32e-05 1
36 -1 3.89e-05 3.89e-05 1
37 -1 2.94e-05 2.94e-05 1
38 -1 3.79e-05 3.79e-05 1
39 -1 3.23e-05 3.23e-05 1
40 -1 7.96e-05 7.96e-05 1
41 -1 7.14e-05 7.14e-05 1
42 -1 5.08e-05 5.08e-05 1
43 -1 4.17e-05 4.17e-05 1
44 -1 4.86e-05 4.86e-05 1
45 -1 4.61e-05 4.61e-05 1
46 -1 5.14e-05 5.14e-05 1
47 -1 4.08e-05 4.08e-05 1
48 -1 4.36e-05 4.36e-05 1
49 -1 4.64e-05 4.64e-05 1
50 -1 4.73e-05 4.73e-05 1
51 -1 5.36e-05 5.36e-05 1
52 -1 8.6e-05 8.6e-05 1
53 -1 5.71e-05 5.71e-05 1
54 -1 0.0001035 0.0001035 1
55 -1 7.56e-05 7.56e-05 1
56 -1 6.96e-05 6.96e-05 1
57 -1 5.75e-05 5.75e-05 1
58 -1 0.0001326 0.0001326 1
59 -1 0.0001563 0.0001563 1
60 -1 0.0001021 0.0001021 1
61 -1 8.72e-05 8.72e-05 1
62 -1 0.000104 0.000104 1
63 -1 0.0001326 0.0001326 1
64 -1 0.0001483 0.0001483 1
65 -1 0.0001313 0.0001313 1
66 -1 0.0001479 0.0001479 1
67 -1 0.0001496 0.0001496 1
68 -1 0.0001849 0.0001849 1
69 -1 0.0001672 0.0001672 1
70 -1 0.0001849 0.0001849 1
71 -1 0.0001774 0.0001774 1
72 -1 0.0001552 0.0001552 1
73 -1 0.0001398 0.0001398 1
74 -1 0.000121 0.000121 1
75 -1 0.0001923 0.0001923 1
76 -1 0.0001013 0.0001013 1
77 -1 0.0001628 0.0001628 1
78 -1 0.0001636 0.0001636 1
79 -1 0.0002016 0.0002016 1
80 -1 0.0001626 0.0001626 1
81 -1 0.0002111 0.0002111 1
82 -1 0.0002019 0.0002019 1
83 -1 0.0002189 0.0002189 1
84 -1 0.0001762 0.0001762 1
85 -1 0.0001689 0.0001689 1
86 -1 0.0001889 0.0001889 1
87 -1 0.000175 0.000175 1
88 -1 0.0001402 0.0001402 1
89 -1 0.000248 0.000248 1
90 -1 0.0002217 0.0002217 1
91 -1 0.0001867 0.0001867 1
92 -1 0.000144 0.000144 1
93 -1 0.0002209 0.0002209 1
94 -1 0.0002019 0.0002019 1
95 -1 0.0001808 0.0001808 1
96 -1 0.0002217 0.0002217 1
97 -1 0.0002849 0.0002849 1
98 -1 0.000175 0.000175 1
99 -1 0.0001444 0.0001444 1
100 -1 0.0001685 0.0001685 1
101 -1 0.0001845 0.0001845 1
102 -1 0.0001687 0.0001687 1
103 -1 0.0002171 0.0002171 1
104 -1 0.0001272 0.0001272 1
105 -1 0.0002289 0.0002289 1
106 -1 0.0003306 0.0003306 1
107 -1 0.0001703 0.0001703 1
108 -1 0.0002041 0.0002041 1
109 -1 0.0001882 0.0001882 1
110 -1 0.0002094 0.0002094 1
111 -1 0.0002003 0.0002003 1
112 -1 0.0002158 0.0002158 1
113 -1 0.0003932 0.0003932 1
114 -1 0.0001667 0.0001667 1
115 -1 0.0003238 0.0003238 1
116 -1 0.0002215 0.0002215 1
117 -1 0.0001639 0.0001639 1
118 -1 0.000143 0.000143 1
119 -1 0.0002873 0.0002873 1
120 -1 0.0001397 0.0001397 1
121 -1 0.0002181 0.0002181 1
122 -1 0.000222 0.000222 1
123 -1 0.0002311 0.0002311 1
124 -1 0.0001902 0.0001902 1
125 -1 0.0002672 0.0002672 1
126 -1 0.0002125 0.0002125 1
127 -1 0.0001613 0.0001613 1
128 -1 0.0001777 0.0001777 1
129 -1 0.0002875 0.0002875 1
130 -1 0.0001833 0.0001833 1
131 -1 0.000306 0.000306 1
132 -1 0.0002892 0.0002892 1
133 -1 0.0002036 0.0002036 1
134 -1 0.0001964 0.0001964 1
135 -1 0.0003206 0.0003206 1
136 -1 0.0003195 0.0003195 1
137 -1 0.0002622 0.0002622 1
138 -1 0.0003284 0.0003284 1
139 -1 0.0002417 0.0002417 1
140 -1 0.0002335 0.0002335 1
141 -1 0.0003002 0.0003002 1
142 -1 0.0002471 0.0002471 1
143 -1 0.0001904 0.0001904 1
144 -1 0.0003351 0.0003351 1
145 -1 0.0001534 0.0001534 1
146 -1 0.0002753 0.0002753 1
147 -1 0.0002816 0.0002816 1
148 -1 0.0001731 0.0001731 1
149 -1 0.0002024 0.0002024 1
150 -1 0.0003263 0.0003263 1
151 -1 0.0003012 0.0003012 1
152 -1 0.0002608 0.0002608 1
153 -1 0.0003137 0.0003137 1
154 -1 0.0002555 0.0002555 1
155 -1 0.000235 0.000235 1
156 -1 0.0002472 0.0002472 1
157 -1 0.0002107 0.0002107 1
158 -1 0.0002563 0.0002563 1
159 -1 0.0003152 0.0003152 1
160 -1 0.0002278 0.0002278 1
161 -1 0.0004042 0.0004042 1
162 -1 0.0006211 0.0006211 1
163 -1 0.0004259 0.0004259 1
164 -1 0.0003786 0.0003786 1
165 -1 0.0003681 0.0003681 1
166 -1 0.0001921 0.0001921 1
167 -1 0.00032 0.00032 1
168 -1 0.0002642 0.0002642 1
169 -1 0.0003103 0.0003103 1
170 -1 0.0003636 0.0003636 1
171 -1 0.0004104 0.0004104 1
172 -1 0.0003706 0.0003706 1
173 -1 0.0004052 0.0004052 1
174 -1 0.0003316 0.0003316 1
175 -1 0.0002976 0.0002976 1
176 -1 0.0003409 0.0003409 1
177 -1 0.0002546 0.0002546 1
178 -1 0.0003202 0.0003202 1
179 -1 0.0003499 0.0003499 1
180 -1 0.0005635 0.0005635 1
181 -1 0.0003953 0.0003953 1
182 -1 0.0004417 0.0004417 1
183 -1 0.0004654 0.0004654 1
184 -1 0.0003179 0.0003179 1
185 -1 0.000381 0.000381 1
186 -1 0.0004354 0.0004354 1
187 -1 0.0003701 0.0003701 1
188 -1 0.0003309 0.0003309 1
189 -1 0.0002864 0.0002864 1
190 -1 0.000539 0.000539 1
191 -1 0.0004108 0.0004108 1
192 -1 0.0003795 0.0003795 1
193 -1 0.0005062 0.0005062 1
194 -1 0.0004787 0.0004787 1
195 -1 0.0004487 0.0004487 1
196 -1 0.0010977 0.0010977 1
197 -1 0.0007718 0.0007718 1
198 -1 0.0005985 0.0005985 1
199 -1 0.0003814 0.0003814 1
200 -1 0.0003972 0.0003972 1
201 -1 0.0007578 0.0007578 1
202 -1 0.0009639 0.0009639 1
203 -1 0.001028 0.001028 1
204 -1 0.0008604 0.0008604 1
205 -1 0.0010158 0.0010158 1
206 -1 0.0007224 0.0007224 1
207 -1 0.0005987 0.0005987 1
208 -1 0.000974 0.000974 1
209 -1 0.0006126 0.0006126 1
210 -1 0.0005496 0.0005496 1
211 -1 0.0006554 0.0006554 1
212 -1 0.0008779 0.0008779 1
213 -1 0.0005889 0.0005889 1
214 -1 0.0006965 0.0006965 1
215 -1 0.0008314 0.0008314 1
216 -1 0.0007733 0.0007733 1
217 -1 0.0006007 0.0006007 1
218 -1 0.0007123 0.0007123 1
219 -1 0.0008886 0.0008886 1
220 -1 0.0007962 0.0007962 1
221 -1 0.0004628 0.0004628 1
222 -1 0.0005268 0.0005268 1
223 -1 0.0005808 0.0005808 1
224 -1 0.0007105 0.0007105 1
225 -1 0.0005714 0.0005714 1
226 -1 0.0006307 0.0006307 1
227 -1 0.0004876 0.0004876 1
228 -1 0.0007718 0.0007718 1
229 -1 0.0007771 0.0007771 1
230 -1 0.0009136 0.0009136 1
231 -1 0.0005363 0.0005363 1
232 -1 0.0007938 0.0007938 1
233 -1 0.0010084 0.0010084 1
234 -1 0.0007627 0.0007627 1
235 -1 0.0008447 0.0008447 1
236 -1 0.0009935 0.0009935 1
237 -1 0.0006397 0.0006397 1
238 -1 0.0005528 0.0005528 1
239 -1 0.0011233 0.0011233 1
240 -1 0.0008825 0.0008825 1
241 -1 0.0008347 0.0008347 1
242 -1 0.0007306 0.0007306 1
243 -1 0.0008056 0.0008056 1
244 -1 0.0010187 0.0010187 1
245 -1 0.0009151 0.0009151 1
246 -1 0.0005743 0.0005743 1
247 -1 0.001085 0.001085 1
248 -1 0.0007257 0.0007257 1
249 -1 0.0007154 0.0007154 1
250 -1 0.0007378 0.0007378 1
251 -1 0.0006317 0.0006317 1
252 -1 0.0008119 0.0008119 1
253 -1 0.0006939 0.0006939 1
254 -1 0.0007311 0.0007311 1
255 -1 0.0005538 0.0005538 1
256 -1 0.0009935 0.0009935 1
257 -1 0.001013 0.001013 1
258 -1 0.0010789 0.0010789 1
259 -1 0.000768 0.000768 1
260 -1 0.0007895 0.0007895 1
261 -1 0.0011937 0.0011937 1
262 -1 0.0006156 0.0006156 1
263 -1 0.0010839 0.0010839 1
264 -1 0.0008822 0.0008822 1
265 -1 0.000774 0.000774 1
266 -1 0.0017883 0.0017883 1
267 -1 0.0011163 0.0011163 1
268 -1 0.001269 0.001269 1
269 -1 0.0007568 0.0007568 1
270 -1 0.0011185 0.0011185 1
271 -1 0.0011926 0.0011926 1
272 -1 0.0010741 0.0010741 1
273 -1 0.0009225 0.0009225 1
274 -1 0.0011295 0.0011295 1
275 -1 0.0011835 0.0011835 1
276 -1 0.0012882 0.0012882 1
277 -1 0.0009297 0.0009297 1
278 -1 0.0009411 0.0009411 1
279 -1 0.0011591 0.0011591 1
280 -1 0.0015306 0.0015306 1
281 -1 0.0008834 0.0008834 1
282 -1 0.0011153 0.0011153 1
283 -1 0.0009176 0.0009176 1
284 -1 0.0011206 0.0011206 1
285 -1 0.0010317 0.0010317 1
286 -1 0.001368 0.001368 1
287 -1 0.0012013 0.0012013 1
288 -1 0.0014137 0.0014137 1
289 -1 0.0009713 0.0009713 1
290 -1 0.0009971 0.0009971 1
291 -1 0.0011452 0.0011452 1
292 -1 0.0010912 0.0010912 1
293 -1 0.000985 0.000985 1
294 -1 0.0011899 0.0011899 1
295 -1 0.0010563 0.0010563 1
296 -1 0.0009845 0.0009845 1
297 -1 0.0008578 0.0008578 1
298 -1 0.0015996 0.0015996 1
299 -1 0.0011063 0.0011063 1
300 -1 0.0012594 0.0012594 1
301 -1 0.0009204 0.0009204 1
302 -1 0.0010337 0.0010337 1
303 -1 0.0009816 0.0009816 1
304 -1 0.000955 0.000955 1
305 -1 0.0011046 0.0011046 1
306 -1 0.000812 0.000812 1
307 -1 0.0009264 0.0009264 1
308 -1 0.0011328 0.0011328 1
309 -1 0.0007414 0.0007414 1
310 -1 0.0007641 0.0007641 1
311 -1 0.0010402 0.0010402 1
312 -1 0.0010958 0.0010958 1
313 -1 0.0009326 0.0009326 1
314 -1 0.0011168 0.0011168 1
315 -1 0.0019187 0.0019187 1
316 -1 0.0012268 0.0012268 1
317 -1 0.001082 0.001082 1
318 -1 0.0008978 0.0008978 1
319 -1 0.0012214 0.0012214 1
320 -1 0.0009694 0.0009694 1
321 -1 0.000661 0.000661 1
322 -1 0.0008381 0.0008381 1
323 -1 0.0007805 0.0007805 1
324 -1 0.0010839 0.0010839 1
325 -1 0.0011213 0.0011213 1
326 -1 0.0011439 0.0011439 1
327 -1 0.0010316 0.0010316 1
328 -1 0.001088 0.001088 1
329 -1 0.0009467 0.0009467 1
330 -1 0.0009385 0.0009385 1
331 -1 0.0012777 0.0012777 1
332 -1 0.0015251 0.0015251 1
333 -1 0.0013261 0.0013261 1
334 -1 0.0012461 0.0012461 1
335 -1 0.0007597 0.0007597 1
336 -1 0.0011401 0.0011401 1
337 -1 0.0010253 0.0010253 1
338 -1 0.0007175 0.0007175 1
339 -1 0.001038 0.001038 1
340 -1 0.0011631 0.0011631 1
341 -1 0.0013156 0.0013156 1
342 -1 0.0013506 0.0013506 1
343 -1 0.001176 0.001176 1
344 -1 0.0008229 0.0008229 1
345 -1 0.0011984 0.0011984 1
346 -1 0.0008621 0.0008621 1
347 -1 0.00134 0.00134 1
348 -1 0.0020359 0.0020359 1
349 -1 0.0011219 0.0011219 1
350 -1 0.0014995 0.0014995 1
351 -1 0.0011515 0.0011515 1
352 -1 0.0013224 0.0013224 1
353 -1 0.0013776 0.0013776 1
354 -1 0.0012372 0.0012372 1
355 -1 0.0013069 0.0013069 1
356 -1 0.0017013 0.0017013 1
357 -1 0.0011759 0.0011759 1
358 -1 0.0014391 0.0014391 1
359 -1 0.0011857 0.0011857 1
360 -1 0.0013957 0.0013957 1
361 -1 0.0015228 0.0015228 1
362 -1 0.0012312 0.0012312 1
363 -1 0.0022283 0.0022283 1
364 -1 0.0019757 0.0019757 1
365 -1 0.0012422 0.0012422 1
366 -1 0.0013177 0.0013177 1
367 -1 0.0014616 0.0014616 1
368 -1 0.0012825 0.0012825 1
369 -1 0.0011843 0.0011843 1
370 -1 0.0016475 0.0016475 1
371 -1 0.0012943 0.0012943 1
372 -1 0.0018332 0.0018332 1
373 -1 0.0016383 0.0016383 1
374 -1 0.001214 0.001214 1
375 -1 0.0014049 0.0014049 1
376 -1 0.0012319 0.0012319 1
377 -1 0.0011667 0.0011667 1
378 -1 0.00137 0.00137 1
379 -1 0.0010167 0.0010167 1
380 -1 0.0015996 0.0015996 1
381 -1 0.0037753 0.0037753 1
382 -1 0.0015303 0.0015303 1
383 -1 0.0014575 0.0014575 1
384 -1 0.0024292 0.0024292 1
385 -1 0.0022241 0.0022241 1
386 -1 0.0017419 0.0017419 1
387 -1 0.0017315 0.0017315 1
388 -1 0.0013199 0.0013199 1
389 -1 0.0015936 0.0015936 1
390 -1 0.0028686 0.0028686 1
391 -1 0.0020208 0.0020208 1
392 -1 0.0019875 0.0019875 1
393 -1 0.0013976 0.0013976 1
394 -1 0.0022817 0.0022817 1
395 -1 0.0030335 0.0030335 1
396 -1 0.001848 0.001848 1
397 -1 0.0018112 0.0018112 1
398 -1 0.0020468 0.0020468 1
399 -1 0.0012082 0.0012082 1
400 -1 0.0020433 0.0020433 1
401 -1 0.0017289 0.0017289 1
402 -1 0.0014422 0.0014422 1
403 -1 0.0012686 0.0012686 1
404 -1 0.0021516 0.0021516 1
405 -1 0.0013672 0.0013672 1
406 -1 0.0018958 0.0018958 1
407 -1 0.001187 0.001187 1
408 -1 0.001614 0.001614 1
409 -1 0.0019372 0.0019372 1
410 -1 0.0016572 0.0016572 1
411 -1 0.0042713 0.0042713 1
412 -1 0.0032107 0.0032107 1
413 -1 0.0024417 0.0024417 1
414 -1 0.0014167 0.0014167 1
415 -1 0.0023687 0.0023687 1
416 -1 0.0018602 0.0018602 1
417 -1 0.0020308 0.0020308 1
418 -1 0.0016993 0.0016993 1
419 -1 0.001238 0.001238 1
420 -1 0.0020945 0.0020945 1
421 -1 0.0016544 0.0016544 1
422 -1 0.0016122 0.0016122 1
423 -1 0.0017158 0.0017158 1
424 -1 0.0022205 0.0022205 1
425 -1 0.0036795 0.0036795 1
426 -1 0.0019665 0.0019665 1
427 -1 0.0023735 0.0023735 1
428 -1 0.0018876 0.0018876 1
429 -1 0.0017053 0.0017053 1
430 -1 0.0018438 0.0018438 1
431 -1 0.0036141 0.0036141 1
432 -1 0.0022288 0.0022288 1
433 -1 0.0015167 0.0015167 1
434 -1 0.0020112 0.0020112 1
435 -1 0.001798 0.001798 1
436 -1 0.0019713 0.0019713 1
437 -1 0.0017094 0.0017094 1
438 -1 0.0044 0.0044 1
439 -1 0.0027481 0.0027481 1
440 -1 0.0023233 0.0023233 1
441 -1 0.0025198 0.0025198 1
442 -1 0.0019895 0.0019895 1
443 -1 0.0032172 0.0032172 1
444 -1 0.0033882 0.0033882 1
445 -1 0.0033365 0.0033365 1
446 -1 0.0029552 0.0029552 1
447 -1 0.0025879 0.0025879 1
448 -1 0.0040132 0.0040132 1
449 -1 0.0030923 0.0030923 1
450 -1 0.0015858 0.0015858 1
451 -1 0.0027869 0.0027869 1
452 -1 0.0016572 0.0016572 1
453 -1 0.0013347 0.0013347 1
454 -1 0.0017132 0.0017132 1
455 -1 0.0019527 0.0019527 1
456 -1 0.0016929 0.0016929 1
457 -1 0.0026454 0.0026454 1
458 -1 0.0020041 0.0020041 1
459 -1 0.0025277 0.0025277 1
460 -1 0.0022034 0.0022034 1
461 -1 0.0019876 0.0019876 1
462 -1 0.0016184 0.0016184 1
463 -1 0.0022707 0.0022707 1
464 -1 0.0023472 0.0023472 1
465 -1 0.0025997 0.0025997 1
466 -1 0.0042157 0.0042157 1
467 -1 0.0028961 0.0028961 1
468 -1 0.0036853 0.0036853 1
469 -1 0.0027385 0.0027385 1
470 -1 0.0039328 0.0039328 1
471 -1 0.0035252 0.0035252 1
472 -1 0.0023539 0.0023539 1
473 -1 0.0026893 0.0026893 1
474 -1 0.0023738 0.0023738 1
475 -1 0.0017851 0.0017851 1
476 -1 0.0029338 0.0029338 1
477 -1 0.0031971 0.0031971 1
478 -1 0.0047488 0.0047488 1
479 -1 0.0031815 0.0031815 1
480 -1 0.0034274 0.0034274 1
481 -1 0.0028538 0.0028538 1
482 -1 0.0016009 0.0016009 1
483 -1 0.0023305 0.0023305 1
484 -1 0.0041828 0.0041828 1
485 -1 0.0027518 0.0027518 1
486 -1 0.0040679 0.0040679 1
487 -1 0.0029528 0.0029528 1
488 -1 0.0033762 0.0033762 1
489 -1 0.0018424 0.0018424 1
490 -1 0.0022874 0.0022874 1
491 -1 0.0032882 0.0032882 1
492 -1 0.0041493 0.0041493 1
493 -1 0.0034539 0.0034539 1
494 -1 0.0022166 0.0022166 1
495 -1 0.0027901 0.0027901 1
496 -1 0.0019771 0.0019771 1
497 -1 0.0021052 0.0021052 1
498 -1 0.0032029 0.0032029 1
499 -1 0.0018472 0.0018472 1
500 -1 0.0024176 0.0024176 1
501 -1 0.0023763 0.0023763 1
502 -1 0.0026055 0.0026055 1
503 -1 0.0016773 0.0016773 1
504 -1 0.0024012 0.0024012 1
505 -1 0.0024018 0.0024018 1
506 -1 0.0025679 0.0025679 1
507 -1 0.0024414 0.0024414 1
508 -1 0.0026511 0.0026511 1
509 -1 0.0026151 0.0026151 1
510 -1 0.0042018 0.0042018 1
511 -1 0.0030462 0.0030462 1
512 -1 0.0022331 0.0022331 1
513 -1 0.0030372 0.0030372 1
514 -1 0.0031591 0.0031591 1
515 -1 0.0039615 0.0039615 1
516 -1 0.0054554 0.0054554 1
517 -1 0.0043246 0.0043246 1
518 -1 0.0035983 0.0035983 1
519 -1 0.0029367 0.0029367 1
520 -1 0.0031288 0.0031288 1
521 -1 0.0028849 0.0028849 1
522 -1 0.0022214 0.0022214 1
523 -1 0.0053299 0.0053299 1
524 -1 0.0032535 0.0032535 1
525 -1 0.0022525 0.0022525 1
526 -1 0.0049474 0.0049474 1
527 -1 0.003098 0.003098 1
528 -1 0.002285 0.002285 1
529 -1 0.0019429 0.0019429 1
530 -1 0.002862 0.002862 1
531 -1 0.0027744 0.0027744 1
532 -1 0.0030282 0.0030282 1
533 -1 0.0022696 0.0022696 1
534 -1 0.002642 0.002642 1
535 -1 0.0028503 0.0028503 1
536 -1 0.0035483 0.0035483 1
537 -1 0.0032749 0.0032749 1
538 -1 0.0026068 0.0026068 1
539 -1 0.0040897 0.0040897 1
540 -1 0.0034121 0.0034121 1
541 -1 0.002958 0.002958 1
542 -1 0.0023409 0.0023409 1
543 -1 0.0039132 0.0039132 1
544 -1 0.0029829 0.0029829 1
545 -1 0.0022564 0.0022564 1
546 -1 0.0061015 0.0061015 1
547 -1 0.0046166 0.0046166 1
548 -1 0.0033871 0.0033871 1
549 -1 0.0034146 0.0034146 1
550 -1 0.002918 0.002918 1
551 -1 0.002557 0.002557 1
552 -1 0.0020643 0.0020643 1
553 -1 0.0031516 0.0031516 1
554 -1 0.0017251 0.0017251 1
555 -1 0.0066541 0.0066541 1
556 -1 0.0022172 0.0022172 1
557 -1 0.0042926 0.0042926 1
558 -1 0.0025466 0.0025466 1
559 -1 0.0042696 0.0042696 1
560 -1 0.0039688 0.0039688 1
561 -1 0.0070295 0.0070295 1
562 -1 0.0025702 0.0025702 1
563 -1 0.0032779 0.0032779 1
564 -1 0.0040927 0.0040927 1
565 -1 0.00201 0.00201 1
566 -1 0.0030092 0.0030092 1
567 -1 0.0023484 0.0023484 1
568 -1 0.0031864 0.0031864 1
569 -1 0.0029242 0.0029242 1
570 -1 0.0030026 0.0030026 1
571 -1 0.0030776 0.0030776 1
572 -1 0.0068664 0.0068664 1
573 -1 0.0039853 0.0039853 1
574 -1 0.0021386 0.0021386 1
575 -1 0.0064254 0.0064254 1
576 -1 0.0023223 0.0023223 1
577 -1 0.0041889 0.0041889 1
578 -1 0.0022091 0.0022091 1
579 -1 0.0034919 0.0034919 1
580 -1 0.0029836 0.0029836 1
581 -1 0.003901 0.003901 1
582 -1 0.0031524 0.0031524 1
583 -1 0.0034055 0.0034055 1
584 -1 0.0033253 0.0033253 1
585 -1 0.0034334 0.0034334 1
586 -1 0.003211 0.003211 1
587 -1 0.0021463 0.0021463 1
588 -1 0.0049283 0.0049283 1
589 -1 0.0030619 0.0030619 1
590 -1 0.0021836 0.0021836 1
591 -1 0.0030464 0.0030464 1
592 -1 0.0029223 0.0029223 1
593 -1 0.0036423 0.0036423 1
594 -1 0.0057448 0.0057448 1
595 -1 0.0048215 0.0048215 1
596 -1 0.0030873 0.0030873 1
597 -1 0.0035634 0.0035634 1
598 -1 0.0030223 0.0030223 1
599 -1 0.0041115 0.0041115 1
600 -1 0.002803 0.002803 1
601 -1 0.0035709 0.0035709 1
602 -1 0.003981 0.003981 1
603 -1 0.0047252 0.0047252 1
604 -1 0.0029956 0.0029956 1
605 -1 0.0063795 0.0063795 1
606 -1 0.0046025 0.0046025 1
607 -1 0.0059142 0.0059142 1
608 -1 0.0032274 0.0032274 1
609 -1 0.0033573 0.0033573 1
610 -1 0.0045374 0.0045374 1
611 -1 0.0046859 0.0046859 1
612 -1 0.0039973 0.0039973 1
613 -1 0.0029831 0.0029831 1
614 -1 0.0034671 0.0034671 1
615 -1 0.0063017 0.0063017 1
616 -1 0.0037014 0.0037014 1
617 -1 0.0038013 0.0038013 1
618 -1 0.005136 0.005136 1
619 -1 0.0063735 0.0063735 1
620 -1 0.0056881 0.0056881 1
621 -1 0.0051973 0.0051973 1
622 -1 0.0040265 0.0040265 1
623 -1 0.0034557 0.0034557 1
624 -1 0.0051747 0.0051747 1
625 -1 0.0055234 0.0055234 1
626 -1 0.0038755 0.0038755 1
627 -1 0.0034553 0.0034553 1
628 -1 0.0039342 0.0039342 1
629 -1 0.0026156 0.0026156 1
630 -1 0.0037839 0.0037839 1
631 -1 0.0040773 0.0040773 1
632 -1 0.0033993 0.0033993 1
633 -1 0.0044625 0.0044625 1
634 -1 0.0036984 0.0036984 1
635 -1 0.0035861 0.0035861 1
636 -1 0.0036596 0.0036596 1
637 -1 0.0031973 0.0031973 1
638 -1 0.0042864 0.0042864 1
639 -1 0.0025377 0.0025377 1
640 -1 0.0039593 0.0039593 1
641 -1 0.0036543 0.0036543 1
642 -1 0.0043041 0.0043041 1
643 -1 0.0033162 0.0033162 1
644 -1 0.0039027 0.0039027 1
645 -1 0.0035505 0.0035505 1
646 -1 0.0050049 0.0050049 1
647 -1 0.003603 0.003603 1
648 -1 0.003231 0.003231 1
649 -1 0.0046274 0.0046274 1
650 -1 0.0036622 0.0036622 1
651 -1 0.0040318 0.0040318 1
652 -1 0.0043902 0.0043902 1
653 -1 0.0039466 0.0039466 1
654 -1 0.0029004 0.0029004 1
655 -1 0.0037916 0.0037916 1
656 -1 0.0038775 0.0038775 1
657 -1 0.0041979 0.0041979 1
658 -1 0.0043914 0.0043914 1
659 -1 0.0044949 0.0044949 1
660 -1 0.0032184 0.0032184 1
661 -1 0.0034996 0.0034996 1
662 -1 0.006645 0.006645 1
663 -1 0.0035965 0.0035965 1
664 -1 0.0051536 0.0051536 1
665 -1 0.0042198 0.0042198 1
666 -1 0.0027203 0.0027203 1
667 -1 0.0041591 0.0041591 1
668 -1 0.0054209 0.0054209 1
669 -1 0.0042453 0.0042453 1
670 -1 0.0037994 0.0037994 1
671 -1 0.0042044 0.0042044 1
672 -1 0.003416 0.003416 1
673 -1 0.0038919 0.0038919 1
674 -1 0.0034632 0.0034632 1
675 -1 0.0030752 0.0030752 1
676 -1 0.0047835 0.0047835 1
677 -1 0.0047604 0.0047604 1
678 -1 0.0047904 0.0047904 1
679 -1 0.0037029 0.0037029 1
680 -1 0.003269 0.003269 1
681 -1 0.0034322 0.0034322 1
682 -1 0.0094832 0.0094832 1
683 -1 0.0086294 0.0086294 1
684 -1 0.0053108 0.0053108 1
685 -1 0.0053842 0.0053842 1
686 -1 0.0052871 0.0052871 1
687 -1 0.0049756 0.0049756 1
688 -1 0.0058325 0.0058325 1
689 -1 0.0056539 0.0056539 1
690 -1 0.0038235 0.0038235 1
691 -1 0.0043235 0.0043235 1
692 -1 0.0085807 0.0085807 1
693 -1 0.0068197 0.0068197 1
694 -1 0.004077 0.004077 1
695 -1 0.0060889 0.0060889 1
696 -1 0.0043737 0.0043737 1
697 -1 0.0037497 0.0037497 1
698 -1 0.0053444 0.0053444 1
699 -1 0.0048009 0.0048009 1
700 -1 0.004024 0.004024 1
701 -1 0.0049394 0.0049394 1
702 -1 0.0052867 0.0052867 1
703 -1 0.007493 0.007493 1
704 -1 0.0068418 0.0068418 1
705 -1 0.0049864 0.0049864 1
706 -1 0.0054456 0.0054456 1
707 -1 0.0060763 0.0060763 1
708 -1 0.0043615 0.0043615 1
709 -1 0.0079507 0.0079507 1
710 -1 0.0046146 0.0046146 1
711 -1 0.0055464 0.0055464 1
712 -1 0.0040769 0.0040769 1
713 -1 0.0045248 0.0045248 1
714 -1 0.0044633 0.0044633 1
715 -1 0.0087631 0.0087631 1
716 -1 0.0068982 0.0068982 1
717 -1 0.0056058 0.0056058 1
718 -1 0.0084525 0.0084525 1
719 -1 0.0054969 0.0054969 1
720 -1 0.0045468 0.0045468 1
721 -1 0.0049287 0.0049287 1
722 -1 0.0047019 0.0047019 1
723 -1 0.0051106 0.0051106 1
724 -1 0.0045049 0.0045049 1
725 -1 0.0045389 0.0045389 1
726 -1 0.0052754 0.0052754 1
727 -1 0.0047437 0.0047437 1
728 -1 0.0040443 0.0040443 1
729 -1 0.0066234 0.0066234 1
730 -1 0.004239 0.004239 1
731 -1 0.0047326 0.0047326 1
732 -1 0.0081202 0.0081202 1
733 -1 0.0102695 0.0102695 1
734 -1 0.004118 0.004118 1
735 -1 0.0058781 0.0058781 1
736 -1 0.0074345 0.0074345 1
737 -1 0.0056532 0.0056532 1
738 -1 0.0051868 0.0051868 1
739 -1 0.0063436 0.0063436 1
740 -1 0.0056009 0.0056009 1
741 -1 0.0087802 0.0087802 1
742 -1 0.0081279 0.0081279 1
743 -1 0.005376 0.005376 1
744 -1 0.0034774 0.0034774 1
745 -1 0.0083087 0.0083087 1
746 -1 0.0060035 0.0060035 1
747 -1 0.0054624 0.0054624 1
748 -1 0.0108822 0.0108822 1
749 -1 0.0066371 0.0066371 1
750 -1 0.0056926 0.0056926 1
751 -1 0.0078039 0.0078039 1
752 -1 0.0092669 0.0092669 1
753 -1 0.0059981 0.0059981 1
754 -1 0.0044168 0.0044168 1
755 -1 0.0098779 0.0098779 1
756 -1 0.0072289 0.0072289 1
757 -1 0.0090936 0.0090936 1
758 -1 0.0059199 0.0059199 1
759 -1 0.0036892 0.0036892 1
760 -1 0.0046847 0.0046847 1
761 -1 0.0112378 0.0112378 1
762 -1 0.0064323 0.0064323 1
763 -1 0.0069091 0.0069091 1
764 -1 0.0060074 0.0060074 1
765 -1 0.0070329 0.0070329 1
766 -1 0.0063591 0.0063591 1
767 -1 0.0077896 0.0077896 1
768 -1 0.0065346 0.0065346 1
769 -1 0.0043615 0.0043615 1
770 -1 0.004903 0.004903 1
771 -1 0.0064986 0.0064986 1
772 -1 0.0096762 0.0096762 1
773 -1 0.0074198 0.0074198 1
774 -1 0.0054829 0.0054829 1
775 -1 0.0088478 0.0088478 1
776 -1 0.0101563 0.0101563 1
777 -1 0.0083323 0.0083323 1
778 -1 0.0074697 0.0074697 1
779 -1 0.0056704 0.0056704 1
780 -1 0.0059266 0.0059266 1
781 -1 0.0132527 0.0132527 1
782 -1 0.0076629 0.0076629 1
783 -1 0.006688 0.006688 1
784 -1 0.0074982 0.0074982 1
785 -1 0.0049691 0.0049691 1
786 -1 0.009372 0.009372 1
787 -1 0.0110593 0.0110593 1
788 -1 0.0120408 0.0120408 1
789 -1 0.0091957 0.0091957 1
790 -1 0.0088559 0.0088559 1
791 -1 0.0076976 0.0076976 1
792 -1 0.0124706 0.0124706 1
793 -1 0.0099369 0.0099369 1
794 -1 0.006262 0.006262 1
795 -1 0.0098593 0.0098593 1
796 -1 0.0079984 0.0079984 1
797 -1 0.0060833 0.0060833 1
798 -1 0.0081785 0.0081785 1
799 -1 0.0058823 0.0058823 1
800 -1 0.0062433 0.0062433 1
801 -1 0.0061311 0.0061311 1
802 -1 0.0081173 0.0081173 1
803 -1 0.0112467 0.0112467 1
804 -1 0.0054873 0.0054873 1
805 -1 0.0056435 0.0056435 1
806 -1 0.0082261 0.0082261 1
807 -1 0.0051037 0.0051037 1
808 -1 0.0079607 0.0079607 1
809 -1 0.0096151 0.0096151 1
810 -1 0.0109042 0.0109042 1
811 -1 0.0098459 0.0098459 1
812 -1 0.0088629 0.0088629 1
813 -1 0.0049545 0.0049545 1
814 -1 0.0064443 0.0064443 1
815 -1 0.0088251 0.0088251 1
816 -1 0.0041539 0.0041539 1
817 -1 0.0052748 0.0052748 1
818 -1 0.0067748 0.0067748 1
819 -1 0.007109 0.007109 1
820 -1 0.0071184 0.0071184 1
821 -1 0.0043788 0.0043788 1
822 -1 0.0050651 0.0050651 1
823 -1 0.0068555 0.0068555 1
824 -1 0.0058098 0.0058098 1
825 -1 0.0070059 0.0070059 1
826 -1 0.0090858 0.0090858 1
827 -1 0.009504 0.009504 1
828 -1 0.0105125 0.0105125 1
829 -1 0.008106 0.008106 1
830 -1 0.0079272 0.0079272 1
831 -1 0.0081495 0.0081495 1
832 -1 0.0063859 0.0063859 1
833 -1 0.0058932 0.0058932 1
834 -1 0.0093291 0.0093291 1
835 -1 0.0085096 0.0085096 1
836 -1 0.0070524 0.0070524 1
837 -1 0.010136 0.010136 1
838 -1 0.0125885 0.0125885 1
839 -1 0.0118862 0.0118862 1
840 -1 0.0054206 0.0054206 1
841 -1 0.0113426 0.0113426 1
842 -1 0.0107362 0.0107362 1
843 -1 0.0086542 0.0086542 1
844 -1 0.0106872 0.0106872 1
845 -1 0.0086676 0.0086676 1
846 -1 0.0052767 0.0052767 1
847 -1 0.0095135 0.0095135 1
848 -1 0.0100816 0.0100816 1
849 -1 0.0082786 0.0082786 1
850 -1 0.0137186 0.0137186 1
851 -1 0.0102114 0.0102114 1
852 -1 0.009575 0.009575 1
853 -1 0.0105334 0.0105334 1
854 -1 0.0083572 0.0083572 1
855 -1 0.0066482 0.0066482 1
856 -1 0.0119276 0.0119276 1
857 -1 0.0095261 0.0095261 1
858 -1 0.0112888 0.0112888 1
859 -1 0.0082595 0.0082595 1
860 -1 0.009666 0.009666 1
861 -1 0.0136114 0.0136114 1
862 -1 0.0092302 0.0092302 1
863 -1 0.0082242 0.0082242 1
864 -1 0.0105147 0.0105147 1
865 -1 0.0092119 0.0092119 1
866 -1 0.007697 0.007697 1
867 -1 0.0115688 0.0115688 1
868 -1 0.0060273 0.0060273 1
869 -1 0.0068483 0.0068483 1
870 -1 0.0089615 0.0089615 1
871 -1 0.0099481 0.0099481 1
872 -1 0.0081434 0.0081434 1
873 -1 0.0125159 0.0125159 1
874 -1 0.0117319 0.0117319 1
875 -1 0.0077751 0.0077751 1
876 -1 0.0120066 0.0120066 1
877 -1 0.0096799 0.0096799 1
878 -1 0.0055009 0.0055009 1
879 -1 0.0074212 0.0074212 1
880 -1 0.0110036 0.0110036 1
881 -1 0.0137029 0.0137029 1
882 -1 0.0101374 0.0101374 1
883 -1 0.0059253 0.0059253 1
884 -1 0.0081227 0.0081227 1
885 -1 0.0093451 0.0093451 1
886 -1 0.0104682 0.0104682 1
887 -1 0.0085855 0.0085855 1
888 -1 0.0088383 0.0088383 1
889 -1 0.0077114 0.0077114 1
890 -1 0.0142793 0.0142793 1
891 -1 0.0099651 0.0099651 1
892 -1 0.0080154 0.0080154 1
893 -1 0.0134683 0.0134683 1
894 -1 0.0100265 0.0100265 1
895 -1 0.0089258 0.0089258 1
896 -1 0.0085187 0.0085187 1
897 -1 0.0082922 0.0082922 1
898 -1 0.0118861 0.0118861 1
899 -1 0.0071152 0.0071152 1
900 -1 0.0079667 0.0079667 1
901 -1 0.0110713 0.0110713 1
902 -1 0.0066232 0.0066232 1
903 -1 0.0074876 0.0074876 1
904 -1 0.0103544 0.0103544 1
905 -1 0.0098007 0.0098007 1
906 -1 0.0072178 0.0072178 1
907 -1 0.0095442 0.0095442 1
908 -1 0.0089585 0.0089585 1
909 -1 0.0096756 0.0096756 1
910 -1 0.0181727 0.0181727 1
911 -1 0.0082736 0.0082736 1
912 -1 0.0191316 0.0191316 1
913 -1 0.0105555 0.0105555 1
914 -1 0.0120144 0.0120144 1
915 -1 0.0105273 0.0105273 1
916 -1 0.0125054 0.0125054 1
917 -1 0.0104074 0.0104074 1
918 -1 0.0121538 0.0121538 1
919 -1 0.0114166 0.0114166 1
920 -1 0.0112399 0.0112399 1
921 -1 0.0116188 0.0116188 1
922 -1 0.0102929 0.0102929 1
923 -1 0.0137132 0.0137132 1
924 -1 0.0127812 0.0127812 1
925 -1 0.0111773 0.0111773 1
926 -1 0.0216218 0.0216218 1
927 -1 0.0374987 0.0374987 1
928 -1 0.0106248 0.0106248 1
929 -1 0.0136299 0.0136299 1
930 -1 0.0209096 0.0209096 1
931 -1 0.0150627 0.0150627 1
932 -1 0.0110319 0.0110319 1
933 -1 0.0129569 0.0129569 1
934 -1 0.0100778 0.0100778 1
935 -1 0.0125366 0.0125366 1
936 -1 0.0118866 0.0118866 1
937 -1 0.0152128 0.0152128 1
938 -1 0.0123299 0.0123299 1
939 -1 0.0117824 0.0117824 1
940 -1 0.0114968 0.0114968 1
941 -1 0.0104493 0.0104493 1
942 -1 0.0119882 0.0119882 1
943 -1 0.0137285 0.0137285 1
944 -1 0.0082136 0.0082136 1
945 -1 0.0136312 0.0136312 1
946 -1 0.0101018 0.0101018 1
947 -1 0.0146209 0.0146209 1
948 -1 0.0094029 0.0094029 1
949 -1 0.0162798 0.0162798 1
950 -1 0.0111156 0.0111156 1
951 -1 0.0095106 0.0095106 1
952 -1 0.0102023 0.0102023 1
953 -1 0.0098621 0.0098621 1
954 -1 0.0142443 0.0142443 1
955 -1 0.0117457 0.0117457 1
956 -1 0.0134372 0.0134372 1
957 -1 0.0132467 0.0132467 1
958 -1 0.0090226 0.0090226 1
959 -1 0.0152009 0.0152009 1
960 -1 0.0105984 0.0105984 1
961 -1 0.0105644 0.0105644 1
962 -1 0.0113469 0.0113469 1
963 -1 0.0095881 0.0095881 1
964 -1 0.0114402 0.0114402 1
965 -1 0.0091044 0.0091044 1
966 -1 0.0120442 0.0120442 1
967 -1 0.0106712 0.0106712 1
968 -1 0.0116056 0.0116056 1
969 -1 0.0133788 0.0133788 1
970 -1 0.0119359 0.0119359 1
971 -1 0.0133039 0.0133039 1
972 -1 0.0117202 0.0117202 1
973 -1 0.013514 0.013514 1
974 -1 0.0116486 0.0116486 1
975 -1 0.012329 0.012329 1
976 -1 0.0094872 0.0094872 1
977 -1 0.011119 0.011119 1
978 -1 0.0189024 0.0189024 1
979 -1 0.011622 0.011622 1
980 -1 0.0097534 0.0097534 1
981 -1 0.0145481 0.0145481 1
982 -1 0.0082425 0.0082425 1
983 -1 0.0129926 0.0129926 1
984 -1 0.0098123 0.0098123 1
985 -1 0.0098359 0.0098359 1
986 -1 0.0128033 0.0128033 1
987 -1 0.0075761 0.0075761 1
988 -1 0.0152869 0.0152869 1
989 -1 0.0146455 0.0146455 1
990 -1 0.0138694 0.0138694 1
991 -1 0.0176234 0.0176234 1
992 -1 0.0107998 0.0107998 1
993 -1 0.0136443 0.0136443 1
994 -1 0.0108279 0.0108279 1
995 -1 0.0124978 0.0124978 1
996 -1 0.0127458 0.0127458 1
997 -1 0.0136021 0.0136021 1
998 -1 0.0133301 0.0133301 1
999 -1 0.0138473 0.0138473 1
1000 -1 0.0109717 0.0109717 1
1001 -1 0.0105736 0.0105736 1
1002 -1 0.0075055 0.0075055 1
1003 -1 0.014704 0.014704 1
1004 -1 0.0142776 0.0142776 1
1005 -1 0.0142153 0.0142153 1
1006 -1 0.0122357 0.0122357 1
1007 -1 0.0120538 0.0120538 1
1008 -1 0.0069447 0.0069447 1
1009 -1 0.0155653 0.0155653 1
1010 -1 0.0105125 0.0105125 1
1011 -1 0.01021 0.01021 1
1012 -1 0.0075673 0.0075673 1
1013 -1 0.0145876 0.0145876 1
1014 -1 0.018428 0.018428 1
1015 -1 0.0105464 0.0105464 1
1016 -1 0.0137569 0.0137569 1
1017 -1 0.016228 0.016228 1
1018 -1 0.0144891 0.0144891 1
1019 -1 0.013843 0.013843 1
1020 -1 0.0154304 0.0154304 1
1021 -1 0.0120383 0.0120383 1
1022 -1 0.0106436 0.0106436 1
1023 -1 0.0197724 0.0197724 1
1024 -1 0.0116511 0.0116511 1
1025 -1 0.0126149 0.0126149 1
1026 -1 0.0122878 0.0122878 1
1027 -1 0.0098128 0.0098128 1
1028 -1 0.0132729 0.0132729 1
1029 -1 0.0134379 0.0134379 1
1030 -1 0.0143726 0.0143726 1
1031 -1 0.0111189 0.0111189 1
1032 -1 0.0091214 0.0091214 1
1033 -1 0.0183826 0.0183826 1
1034 -1 0.0104596 0.0104596 1
1035 -1 0.0136896 0.0136896 1
1036 -1 0.0162697 0.0162697 1
1037 -1 0.0177548 0.0177548 1
1038 -1 0.0128079 0.0128079 1
1039 -1 0.013962 0.013962 1
1040 -1 0.0154349 0.0154349 1
1041 -1 0.0150889 0.0150889 1
1042 -1 0.0129409 0.0129409 1
1043 -1 0.0179336 0.0179336 1
1044 -1 0.0130074 0.0130074 1
1045 -1 0.0104704 0.0104704 1
1046 -1 0.0154213 0.0154213 1
1047 -1 0.0150104 0.0150104 1
1048 -1 0.0107201 0.0107201 1
1049 -1 0.0129663 0.0129663 1
1050 -1 0.0112863 0.0112863 1
1051 -1 0.0151527 0.0151527 1
1052 -1 0.0127003 0.0127003 1
1053 -1 0.0092536 0.0092536 1
1054 -1 0.0134223 0.0134223 1
1055 -1 0.0141714 0.0141714 1
1056 -1 0.0113439 0.0113439 1
1057 -1 0.0214269 0.0214269 1
1058 -1 0.0173773 0.0173773 1
1059 -1 0.017491 0.017491 1
1060 -1 0.0197567 0.0197567 1
1061 -1 0.0146106 0.0146106 1
1062 -1 0.0144282 0.0144282 1
1063 -1 0.0122341 0.0122341 1
1064 -1 0.0176056 0.0176056 1
1065 -1 0.0166219 0.0166219 1
1066 -1 0.0158726 0.0158726 1
1067 -1 0.0182999 0.0182999 1
1068 -1 0.013171 0.013171 1
1069 -1 0.0139982 0.0139982 1
1070 -1 0.0196983 0.0196983 1
1071 -1 0.0185855 0.0185855 1
1072 -1 0.0166383 0.0166383 1
1073 -1 0.0190727 0.0190727 1
1074 -1 0.014233 0.014233 1
1075 -1 0.0112601 0.0112601 1
1076 -1 0.0121277 0.0121277 1
1077 -1 0.0146155 0.0146155 1
1078 -1 0.0157892 0.0157892 1
1079 -1 0.0151557 0.0151557 1
1080 -1 0.0259482 0.0259482 1
1081 -1 0.0139374 0.0139374 1
1082 -1 0.0181214 0.0181214 1
1083 -1 0.0150623 0.0150623 1
1084 -1 0.0215388 0.0215388 1
1085 -1 0.0120152 0.0120152 1
1086 -1 0.0131959 0.0131959 1
1087 -1 0.012037 0.012037 1
1088 -1 0.0177392 0.0177392 1
1089 -1 0.0201977 0.0201977 1
1090 -1 0.0175902 0.0175902 1
1091 -1 0.0174259 0.0174259 1
1092 -1 0.0120173 0.0120173 1
1093 -1 0.0143801 0.0143801 1
1094 -1 0.0181555 0.0181555 1
1095 -1 0.0231329 0.0231329 1
1096 -1 0.0140922 0.0140922 1
1097 -1 0.0155889 0.0155889 1
1098 -1 0.0129932 0.0129932 1
1099 -1 0.0256267 0.0256267 1
1100 -1 0.0176379 0.0176379 1
1101 -1 0.0154394 0.0154394 1
1102 -1 0.0150665 0.0150665 1
1103 -1 0.0144924 0.0144924 1
1104 -1 0.0138273 0.0138273 1
1105 -1 0.0229098 0.0229098 1
1106 -1 0.0243274 0.0243274 1
1107 -1 0.0148247 0.0148247 1
1108 -1 0.018572 0.018572 1
1109 -1 0.0130012 0.0130012 1
1110 -1 0.0203842 0.0203842 1
1111 -1 0.015077 0.015077 1
1112 -1 0.0171198 0.0171198 1
1113 -1 0.0186125 0.0186125 1
1114 -1 0.0196942 0.0196942 1
1115 -1 0.0150223 0.0150223 1
1116 -1 0.0191784 0.0191784 1
1117 -1 0.0166238 0.0166238 1
1118 -1 0.0109404 0.0109404 1
1119 -1 0.0138002 0.0138002 1
1120 -1 0.0188819 0.0188819 1
1121 -1 0.0179745 0.0179745 1
1122 -1 0.0161956 0.0161956 1
1123 -1 0.0156559 0.0156559 1
1124 -1 0.0168864 0.0168864 1
1125 -1 0.0193458 0.0193458 1
1126 -1 0.0223478 0.0223478 1
1127 -1 0.0128843 0.0128843 1
1128 -1 0.0143361 0.0143361 1
1129 -1 0.012676 0.012676 1
1130 -1 0.0198098 0.0198098 1
1131 -1 0.0112125 0.0112125 1
1132 -1 0.0148936 0.0148936 1
1133 -1 0.016407 0.016407 1
1134 -1 0.0110104 0.0110104 1
1135 -1 0.01554 0.01554 1
1136 -1 0.0102255 0.0102255 1
1137 -1 0.0106035 0.0106035 1
1138 -1 0.0219844 0.0219844 1
1139 -1 0.0154763 0.0154763 1
1140 -1 0.0104524 0.0104524 1
1141 -1 0.0150759 0.0150759 1
1142 -1 0.0081419 0.0081419 1
1143 -1 0.0222641 0.0222641 1
1144 -1 0.0185924 0.0185924 1
1145 -1 0.0122062 0.0122062 1
1146 -1 0.015287 0.015287 1
1147 -1 0.0188321 0.0188321 1
1148 -1 0.0213581 0.0213581 1
1149 -1 0.016821 0.016821 1
1150 -1 0.018785 0.018785 1
1151 -1 0.0163046 0.0163046 1
1152 -1 0.0144025 0.0144025 1
1153 -1 0.0102729 0.0102729 1
1154 -1 0.023842 0.023842 1
1155 -1 0.01156 0.01156 1
1156 -1 0.0165641 0.0165641 1
1157 -1 0.0204067 0.0204067 1
1158 -1 0.0198672 0.0198672 1
1159 -1 0.0186222 0.0186222 1
1160 -1 0.0153039 0.0153039 1
1161 -1 0.0218919 0.0218919 1
1162 -1 0.0177243 0.0177243 1
1163 -1 0.0168714 0.0168714 1
1164 -1 0.0168254 0.0168254 1
1165 -1 0.0174701 0.0174701 1
1166 -1 0.0219722 0.0219722 1
1167 -1 0.0199045 0.0199045 1
1168 -1 0.0173078 0.0173078 1
1169 -1 0.0114561 0.0114561 1
1170 -1 0.019025 0.019025 1
1171 -1 0.0268213 0.0268213 1
1172 -1 0.0136788 0.0136788 1
1173 -1 0.018914 0.018914 1
1174 -1 0.0204097 0.0204097 1
1175 -1 0.0160328 0.0160328 1
1176 -1 0.0155441 0.0155441 1
1177 -1 0.0256398 0.0256398 1
1178 -1 0.0186187 0.0186187 1
1179 -1 0.0148413 0.0148413 1
1180 -1 0.0254335 0.0254335 1
1181 -1 0.0133208 0.0133208 1
1182 -1 0.0173372 0.0173372 1
1183 -1 0.0165837 0.0165837 1
1184 -1 0.0131279 0.0131279 1
1185 -1 0.0118263 0.0118263 1
1186 -1 0.0173262 0.0173262 1
1187 -1 0.0188578 0.0188578 1
1188 -1 0.012036 0.012036 1
1189 -1 0.0248354 0.0248354 1
1190 -1 0.0198295 0.0198295 1
1191 -1 0.0179524 0.0179524 1
1192 -1 0.0102369 0.0102369 1
1193 -1 0.0118512 0.0118512 1
1194 -1 0.0145503 0.0145503 1
1195 -1 0.0134157 0.0134157 1
1196 -1 0.025992 0.025992 1
1197 -1 0.0176791 0.0176791 1
1198 -1 0.0212966 0.0212966 1
1199 -1 0.0197727 0.0197727 1
1200 -1 0.0199828 0.0199828 1
1201 -1 0.0233944 0.0233944 1
1202 -1 0.0207942 0.0207942 1
1203 -1 0.0166867 0.0166867 1
1204 -1 0.0216275 0.0216275 1
1205 -1 0.0188161 0.0188161 1
1206 -1 0.0207324 0.0207324 1
1207 -1 0.0231367 0.0231367 1
1208 -1 0.0207351 0.0207351 1
1209 -1 0.022594 0.022594 1
1210 -1 0.016028 0.016028 1
1211 -1 0.0184568 0.0184568 1
1212 -1 0.0207881 0.0207881 1
1213 -1 0.0335553 0.0335553 1
1214 -1 0.0223494 0.0223494 1
1215 -1 0.0203828 0.0203828 1
1216 -1 0.0288756 0.0288756 1
1217 -1 0.0183595 0.0183595 1
1218 -1 0.0205752 0.0205752 1
1219 -1 0.0082717 0.0082717 1
1220 -1 0.0136061 0.0136061 1
1221 -1 0.0211949 0.0211949 1
1222 -1 0.0207584 0.0207584 1
1223 -1 0.0139536 0.0139536 1
1224 -1 0.0191256 0.0191256 1
1225 -1 0.0225452 0.0225452 1
1226 -1 0.0245202 0.0245202 1
1227 -1 0.0239066 0.0239066 1
1228 -1 0.0159181 0.0159181 1
1229 -1 0.0230997 0.0230997 1
1230 -1 0.0184354 0.0184354 1
1231 -1 0.0252867 0.0252867 1
1232 -1 0.0255747 0.0255747 1
1233 -1 0.025759 0.025759 1
1234 -1 0.0199054 0.0199054 1
1235 -1 0.0239046 0.0239046 1
1236 -1 0.0146534 0.0146534 1
1237 -1 0.0246735 0.0246735 1
1238 -1 0.0166048 0.0166048 1
1239 -1 0.0218821 0.0218821 1
1240 -1 0.0318038 0.0318038 1
1241 -1 0.0288386 0.0288386 1
1242 -1 0.0177265 0.0177265 1
1243 -1 0.013686 0.013686 1
1244 -1 0.0209623 0.0209623 1
1245 -1 0.0208538 0.0208538 1
1246 -1 0.0208855 0.0208855 1
1247 -1 0.0240341 0.0240341 1
1248 -1 0.0241106 0.0241106 1
1249 -1 0.0190986 0.0190986 1
1250 -1 0.0251254 0.0251254 1
1251 -1 0.0208434 0.0208434 1
1252 -1 0.026195 0.026195 1
1253 -1 0.0175081 0.0175081 1
1254 -1 0.0133208 0.0133208 1
1255 -1 0.0202194 0.0202194 1
1256 -1 0.0199285 0.0199285 1
1257 -1 0.0254404 0.0254404 1
1258 -1 0.0200699 0.0200699 1
1259 -1 0.0213634 0.0213634 1
1260 -1 0.0218133 0.0218133 1
1261 -1 0.0232768 0.0232768 1
1262 -1 0.0219471 0.0219471 1
1263 -1 0.0193414 0.0193414 1
1264 -1 0.0226402 0.0226402 1
1265 -1 0.0228345 0.0228345 1
1266 -1 0.018257 0.018257 1
1267 -1 0.0229001 0.0229001 1
1268 -1 0.0244754 0.0244754 1
1269 -1 0.0232665 0.0232665 1
1270 -1 0.025561 0.025561 1
1271 -1 0.0185565 0.0185565 1
1272 -1 0.0182824 0.0182824 1
1273 -1 0.0174714 0.0174714 1
1274 -1 0.02034 0.02034 1
1275 -1 0.0220882 0.0220882 1
1276 -1 0.0295221 0.0295221 1
1277 -1 0.0174195 0.0174195 1
1278 -1 0.0224819 0.0224819 1
1279 -1 0.0216526 0.0216526 1
1280 -1 0.0204654 0.0204654 1
1281 -1 0.0176061 0.0176061 1
1282 -1 0.025077 0.025077 1
1283 -1 0.0217943 0.0217943 1
1284 -1 0.0245191 0.0245191 1
1285 -1 0.0155751 0.0155751 1
1286 -1 0.0235034 0.0235034 1
1287 -1 0.0219341 0.0219341 1
1288 -1 0.0246642 0.0246642 1
1289 -1 0.0252754 0.0252754 1
1290 -1 0.0264941 0.0264941 1
1291 -1 0.0198537 0.0198537 1
1292 -1 0.0231831 0.0231831 1
1293 -1 0.0210821 0.0210821 1
1294 -1 0.0186475 0.0186475 1
1295 -1 0.0353038 0.0353038 1
1296 -1 0.0314223 0.0314223 1
1297 -1 0.0184391 0.0184391 1
1298 -1 0.0256124 0.0256124 1
1299 -1 0.0171798 0.0171798 1
1300 -1 0.0218051 0.0218051 1
1301 -1 0.0181105 0.0181105 1
1302 -1 0.0271202 0.0271202 1
1303 -1 0.0206662 0.0206662 1
1304 -1 0.0251375 0.0251375 1
1305 -1 0.0269097 0.0269097 1
1306 -1 0.0234575 0.0234575 1
1307 -1 0.0203876 0.0203876 1
1308 -1 0.020138 0.020138 1
1309 -1 0.0252087 0.0252087 1
1310 -1 0.0203335 0.0203335 1
1311 -1 0.0308893 0.0308893 1
1312 -1 0.0178216 0.0178216 1
1313 -1 0.0191312 0.0191312 1
1314 -1 0.0214824 0.0214824 1
1315 -1 0.0139435 0.0139435 1
1316 -1 0.0183434 0.0183434 1
1317 -1 0.0315491 0.0315491 1
1318 -1 0.0169333 0.0169333 1
1319 -1 0.0263791 0.0263791 1
1320 -1 0.020914 0.020914 1
1321 -1 0.0228747 0.0228747 1
1322 -1 0.0227334 0.0227334 1
1323 -1 0.0203061 0.0203061 1
1324 -1 0.02239 0.02239 1
1325 -1 0.0183641 0.0183641 1
1326 -1 0.0243139 0.0243139 1
1327 -1 0.0216047 0.0216047 1
1328 -1 0.0195173 0.0195173 1
1329 -1 0.0225243 0.0225243 1
1330 -1 0.0199011 0.0199011 1
1331 -1 0.0184789 0.0184789 1
1332 -1 0.0180313 0.0180313 1
1333 -1 0.0228655 0.0228655 1
1334 -1 0.0190024 0.0190024 1
1335 -1 0.0277856 0.0277856 1
1336 -1 0.0226924 0.0226924 1
1337 -1 0.0302646 0.0302646 1
1338 -1 0.0154637 0.0154637 1
1339 -1 0.0180857 0.0180857 1
1340 -1 0.0211374 0.0211374 1
1341 -1 0.0201695 0.0201695 1
1342 -1 0.0171329 0.0171329 1
1343 -1 0.0186949 0.0186949 1
1344 -1 0.0163806 0.0163806 1
1345 -1 0.0176652 0.0176652 1
1346 -1 0.0218517 0.0218517 1
1347 -1 0.0214212 0.0214212 1
1348 -1 0.023974 0.023974 1
1349 -1 0.0308182 0.0308182 1
1350 -1 0.0274471 0.0274471 1
1351 -1 0.0277574 0.0277574 1
1352 -1 0.0186249 0.0186249 1
1353 -1 0.0246991 0.0246991 1
1354 -1 0.0150192 0.0150192 1
1355 -1 0.0178572 0.0178572 1
1356 -1 0.0279672 0.0279672 1
1357 -1 0.0166689 0.0166689 1
1358 -1 0.0266885 0.0266885 1
1359 -1 0.0219899 0.0219899 1
1360 -1 0.0268705 0.0268705 1
1361 -1 0.0170375 0.0170375 1
1362 -1 0.0273018 0.0273018 1
1363 -1 0.025337 0.025337 1
1364 -1 0.0168929 0.0168929 1
1365 -1 0.0290477 0.0290477 1
1366 -1 0.0245865 0.0245865 1
1367 -1 0.0192976 0.0192976 1
1368 -1 0.025777 0.025777 1
1369 -1 0.0265164 0.0265164 1
1370 -1 0.0189714 0.0189714 1
1371 -1 0.0239857 0.0239857 1
1372 -1 0.0187823 0.0187823 1
1373 -1 0.0200357 0.0200357 1
1374 -1 0.0212469 0.0212469 1
1375 -1 0.0246886 0.0246886 1
1376 -1 0.0173881 0.0173881 1
1377 -1 0.0290021 0.0290021 1
1378 -1 0.0212241 0.0212241 1
1379 -1 0.0198487 0.0198487 1
1380 -1 0.0264842 0.0264842 1
1381 -1 0.0167381 0.0167381 1
1382 -1 0.0251691 0.0251691 1
1383 -1 0.032557 0.032557 1
1384 -1 0.0242781 0.0242781 1
1385 -1 0.020607 0.020607 1
1386 -1 0.0211959 0.0211959 1
1387 -1 0.0249791 0.0249791 1
1388 -1 0.0193948 0.0193948 1
1389 -1 0.0116752 0.0116752 1
1390 -1 0.0167999 0.0167999 1
1391 -1 0.0211867 0.0211867 1
1392 -1 0.0173104 0.0173104 1
1393 -1 0.0183389 0.0183389 1
1394 -1 0.0142702 0.0142702 1
1395 -1 0.0118911 0.0118911 1
1396 -1 0.0188168 0.0188168 1
1397 -1 0.0159899 0.0159899 1
1398 -1 0.0167076 0.0167076 1
1399 -1 0.0299441 0.0299441 1
1400 -1 0.0189888 0.0189888 1
1401 -1 0.0183383 0.0183383 1
1402 -1 0.0207401 0.0207401 1
1403 -1 0.0111596 0.0111596 1
1404 -1 0.0171348 0.0171348 1
1405 -1 0.0199557 0.0199557 1
1406 -1 0.0233674 0.0233674 1
1407 -1 0.0204273 0.0204273 1
1408 -1 0.0203684 0.0203684 1
1409 -1 0.0203976 0.0203976 1
1410 -1 0.0170325 0.0170325 1
1411 -1 0.0313097 0.0313097 1
1412 -1 0.028958 0.028958 1
1413 -1 0.0245849 0.0245849 1
1414 -1 0.0253019 0.0253019 1
1415 -1 0.0174332 0.0174332 1
1416 -1 0.0160214 0.0160214 1
1417 -1 0.0215552 0.0215552 1
1418 -1 0.0285022 0.0285022 1
1419 -1 0.0206941 0.0206941 1
1420 -1 0.019391 0.019391 1
1421 -1 0.0208536 0.0208536 1
1422 -1 0.0173687 0.0173687 1
1423 -1 0.0196085 0.0196085 1
1424 -1 0.0183305 0.0183305 1
1425 -1 0.0138797 0.0138797 1
1426 -1 0.0170256 0.0170256 1
1427 -1 0.0170348 0.0170348 1
1428 -1 0.0216704 0.0216704 1
1429 -1 0.0215556 0.0215556 1
1430 -1 0.0301164 0.0301164 1
1431 -1 0.0239843 0.0239843 1
1432 -1 0.0235922 0.0235922 1
1433 -1 0.0220533 0.0220533 1
1434 -1 0.022189 0.022189 1
1435 -1 0.0273521 0.0273521 1
1436 -1 0.0219204 0.0219204 1
1437 -1 0.0162387 0.0162387 1
1438 -1 0.0316727 0.0316727 1
1439 -1 0.0206965 0.0206965 1
1440 -1 0.0222088 0.0222088 1
1441 -1 0.0275848 0.0275848 1
1442 -1 0.029576 0.029576 1
1443 -1 0.0205262 0.0205262 1
1444 -1 0.0300128 0.0300128 1
1445 -1 0.0191004 0.0191004 1
1446 -1 0.0269225 0.0269225 1
1447 -1 0.0117874 0.0117874 1
1448 -1 0.0223512 0.0223512 1
1449 -1 0.02208 0.02208 1
1450 -1 0.0236344 0.0236344 1
1451 -1 0.0201175 0.0201175 1
1452 -1 0.0185765 0.0185765 1
1453 -1 0.0243241 0.0243241 1
1454 -1 0.0166454 0.0166454 1
1455 -1 0.0172004 0.0172004 1
1456 -1 0.0297457 0.0297457 1
1457 -1 0.0344054 0.0344054 1
1458 -1 0.0248017 0.0248017 1
1459 -1 0.0333185 0.0333185 1
1460 -1 0.0225879 0.0225879 1
1461 -1 0.0218356 0.0218356 1
1462 -1 0.0225085 0.0225085 1
1463 -1 0.0287802 0.0287802 1
1464 -1 0.0257648 0.0257648 1
1465 -1 0.0216401 0.0216401 1
1466 -1 0.0255303 0.0255303 1
1467 -1 0.0196489 0.0196489 1
1468 -1 0.0214338 0.0214338 1
1469 -1 0.021583 0.021583 1
1470 -1 0.0226314 0.0226314 1
1471 -1 0.0205327 0.0205327 1
1472 -1 0.0277258 0.0277258 1
1473 -1 0.0183979 0.0183979 1
1474 -1 0.0158137 0.0158137 1
1475 -1 0.0249566 0.0249566 1
1476 -1 0.0196898 0.0196898 1
1477 -1 0.0245005 0.0245005 1
1478 -1 0.0317132 0.0317132 1
1479 -1 0.0258775 0.0258775 1
1480 -1 0.0315984 0.0315984 1
1481 -1 0.0267441 0.0267441 1
1482 -1 0.0191319 0.0191319 1
1483 -1 0.0230725 0.0230725 1
1484 -1 0.0189827 0.0189827 1
1485 -1 0.0263577 0.0263577 1
1486 -1 0.0201337 0.0201337 1
1487 -1 0.0193491 0.0193491 1
1488 -1 0.0184888 0.0184888 1
1489 -1 0.0162445 0.0162445 1
1490 -1 0.0291291 0.0291291 1
1491 -1 0.0240743 0.0240743 1
1492 -1 0.0264238 0.0264238 1
1493 -1 0.0246351 0.0246351 1
1494 -1 0.0213674 0.0213674 1
1495 -1 0.0236345 0.0236345 1
1496 -1 0.0312195 0.0312195 1
1497 -1 0.0267776 0.0267776 1
1498 -1 0.0271097 0.0271097 1
1499 -1 0.029702 0.029702 1
1500 -1 0.0305401 0.0305401 1
1501 -1 0.0190605 0.0190605 1
1502 -1 0.0200807 0.0200807 1
1503 -1 0.0206875 0.0206875 1
1504 -1 0.0212774 0.0212774 1
1505 -1 0.0208548 0.0208548 1
1506 -1 0.0214626 0.0214626 1
1507 -1 0.0125801 0.0125801 1
1508 -1 0.0316501 0.0316501 1
1509 -1 0.0287009 0.0287009 1
1510 -1 0.0258525 0.0258525 1
1511 -1 0.0176126 0.0176126 1
1512 -1 0.0342778 0.0342778 1
1513 -1 0.0285201 0.0285201 1
1514 -1 0.019068 0.019068 1
1515 -1 0.0182929 0.0182929 1
1516 -1 0.0253898 0.0253898 1
1517 -1 0.0278245 0.0278245 1
1518 -1 0.0312938 0.0312938 1
1519 -1 0.0335729 0.0335729 1
1520 -1 0.0288221 0.0288221 1
1521 -1 0.0230139 0.0230139 1
1522 -1 0.0270774 0.0270774 1
1523 -1 0.0379204 0.0379204 1
1524 -1 0.0209055 0.0209055 1
1525 -1 0.0375637 0.0375637 1
1526 -1 0.0326871 0.0326871 1
1527 -1 0.0430659 0.0430659 1
1528 -1 0.0234918 0.0234918 1
1529 -1 0.0235194 0.0235194 1
1530 -1 0.039191 0.039191 1
1531 -1 0.0211063 0.0211063 1
1532 -1 0.031669 0.031669 1
1533 -1 0.0243281 0.0243281 1
1534 -1 0.0244846 0.0244846 1
1535 -1 0.017603 0.017603 1
1536 -1 0.0288922 0.0288922 1
1537 -1 0.0295433 0.0295433 1
1538 -1 0.0214489 0.0214489 1
1539 -1 0.0227282 0.0227282 1
1540 -1 0.0190072 0.0190072 1
1541 -1 0.0292923 0.0292923 1
1542 -1 0.0292921 0.0292921 1
1543 -1 0.0221803 0.0221803 1
1544 -1 0.0304325 0.0304325 1
1545 -1 0.0333147 0.0333147 1
1546 -1 0.034956 0.034956 1
1547 -1 0.0253263 0.0253263 1
1548 -1 0.0227196 0.0227196 1
1549 -1 0.0187415 0.0187415 1
1550 -1 0.0348951 0.0348951 1
1551 -1 0.0262991 0.0262991 1
1552 -1 0.0335612 0.0335612 1
1553 -1 0.0245504 0.0245504 1
1554 -1 0.0274308 0.0274308 1
1555 -1 0.0201087 0.0201087 1
1556 -1 0.0194696 0.0194696 1
1557 -1 0.0274176 0.0274176 1
1558 -1 0.0199658 0.0199658 1
1559 -1 0.0193677 0.0193677 1
1560 -1 0.0287618 0.0287618 1
1561 -1 0.0262056 0.0262056 1
1562 -1 0.0288016 0.0288016 1
1563 -1 0.0214812 0.0214812 1
1564 -1 0.0281091 0.0281091 1
1565 -1 0.024675 0.024675 1
1566 -1 0.0287208 0.0287208 1
1567 -1 0.0214047 0.0214047 1
1568 -1 0.0241964 0.0241964 1
1569 -1 0.0336973 0.0336973 1
1570 -1 0.0368731 0.0368731 1
1571 -1 0.0267204 0.0267204 1
1572 -1 0.0240334 0.0240334 1
1573 -1 0.0290001 0.0290001 1
1574 -1 0.0279006 0.0279006 1
1575 -1 0.0308958 0.0308958 1
1576 -1 0.0280051 0.0280051 1
1577 -1 0.0246624 0.0246624 1
1578 -1 0.0172137 0.0172137 1
1579 -1 0.0314504 0.0314504 1
1580 -1 0.0179573 0.0179573 1
1581 -1 0.0303244 0.0303244 1
1582 -1 0.024389 0.024389 1
1583 -1 0.0290086 0.0290086 1
1584 -1 0.0332895 0.0332895 1
1585 -1 0.0366926 0.0366926 1
1586 -1 0.0332601 0.0332601 1
1587 -1 0.0172661 0.0172661 1
1588 -1 0.0258762 0.0258762 1
1589 -1 0.0318967 0.0318967 1
1590 -1 0.0144391 0.0144391 1
1591 -1 0.023893 0.023893 1
1592 -1 0.0337296 0.0337296 1
1593 -1 0.0366023 0.0366023 1
1594 -1 0.0434163 0.0434163 1
1595 -1 0.033442 0.033442 1
1596 -1 0.0355799 0.0355799 1
1597 -1 0.033904 0.033904 1
1598 -1 0.0259597 0.0259597 1
1599 -1 0.0325392 0.0325392 1
1600 -1 0.0380669 0.0380669 1
1601 -1 0.0242729 0.0242729 1
1602 -1 0.0341778 0.0341778 1
1603 -1 0.035845 0.035845 1
1604 -1 0.0258212 0.0258212 1
1605 -1 0.0170696 0.0170696 1
1606 -1 0.0202697 0.0202697 1
1607 -1 0.0258565 0.0258565 1
1608 -1 0.0251698 0.0251698 1
1609 -1 0.0258893 0.0258893 1
1610 -1 0.0320662 0.0320662 1
1611 -1 0.0289714 0.0289714 1
1612 -1 0.029121 0.029121 1
1613 -1 0.0217901 0.0217901 1
1614 -1 0.0240764 0.0240764 1
1615 -1 0.0321041 0.0321041 1
1616 -1 0.0255173 0.0255173 1
1617 -1 0.029302 0.029302 1
1618 -1 0.0294875 0.0294875 1
1619 -1 0.0263663 0.0263663 1
1620 -1 0.0242625 0.0242625 1
1621 -1 0.025415 0.025415 1
1622 -1 0.025216 0.025216 1
1623 -1 0.0277973 0.0277973 1
1624 -1 0.0320363 0.0320363 1
1625 -1 0.0220573 0.0220573 1
1626 -1 0.0316335 0.0316335 1
1627 -1 0.0277328 0.0277328 1
1628 -1 0.0296817 0.0296817 1
1629 -1 0.0348512 0.0348512 1
1630 -1 0.0331147 0.0331147 1
1631 -1 0.0240805 0.0240805 1
1632 -1 0.0258996 0.0258996 1
1633 -1 0.0359929 0.0359929 1
1634 -1 0.0260225 0.0260225 1
1635 -1 0.0237482 0.0237482 1
1636 -1 0.0374525 0.0374525 1
1637 -1 0.0309345 0.0309345 1
1638 -1 0.0264844 0.0264844 1
1639 -1 0.0254948 0.0254948 1
1640 -1 0.0227598 0.0227598 1
1641 -1 0.0278409 0.0278409 1
1642 -1 0.0292471 0.0292471 1
1643 -1 0.0277472 0.0277472 1
1644 -1 0.0270222 0.0270222 1
1645 -1 0.0336696 0.0336696 1
1646 -1 0.0185595 0.0185595 1
1647 -1 0.0173593 0.0173593 1
1648 -1 0.0331447 0.0331447 1
1649 -1 0.0268719 0.0268719 1
1650 -1 0.0299703 0.0299703 1
1651 -1 0.02716 0.02716 1
1652 -1 0.0181171 0.0181171 1
1653 -1 0.0248707 0.0248707 1
1654 -1 0.039226 0.039226 1
1655 -1 0.0234224 0.0234224 1
1656 -1 0.0307573 0.0307573 1
1657 -1 0.0183734 0.0183734 1
1658 -1 0.0198462 0.0198462 1
1659 -1 0.0308373 0.0308373 1
1660 -1 0.0274822 0.0274822 1
1661 -1 0.0523146 0.0523146 1
1662 -1 0.0355542 0.0355542 1
1663 -1 0.036613 0.036613 1
1664 -1 0.0189049 0.0189049 1
1665 -1 0.0262255 0.0262255 1
1666 -1 0.0255908 0.0255908 1
1667 -1 0.0289011 0.0289011 1
1668 -1 0.029628 0.029628 1
1669 -1 0.0296982 0.0296982 1
1670 -1 0.0474216 0.0474216 1
1671 -1 0.0330542 0.0330542 1
1672 -1 0.0318077 0.0318077 1
1673 -1 0.0379435 0.0379435 1
1674 -1 0.0314624 0.0314624 1
1675 -1 0.0276425 0.0276425 1
1676 -1 0.0330957 0.0330957 1
1677 -1 0.0225004 0.0225004 1
1678 -1 0.0331008 0.0331008 1
1679 -1 0.0209845 0.0209845 1
1680 -1 0.0563801 0.0563801 1
1681 -1 0.0422256 0.0422256 1
1682 -1 0.0382807 0.0382807 1
1683 -1 0.0458146 0.0458146 1
1684 -1 0.0313928 0.0313928 1
1685 -1 0.0326413 0.0326413 1
1686 -1 0.0319937 0.0319937 1
1687 -1 0.0320114 0.0320114 1
1688 -1 0.0290622 0.0290622 1
1689 -1 0.0244016 0.0244016 1
1690 -1 0.0312778 0.0312778 1
1691 -1 0.0265696 0.0265696 1
1692 -1 0.0421996 0.0421996 1
1693 -1 0.0284659 0.0284659 1
1694 -1 0.0384195 0.0384195 1
1695 -1 0.0310436 0.0310436 1
1696 -1 0.0373798 0.0373798 1
1697 -1 0.029205 0.029205 1
1698 -1 0.0290934 0.0290934 1
1699 -1 0.0243943 0.0243943 1
1700 -1 0.0282144 0.0282144 1
1701 -1 0.0268439 0.0268439 1
1702 -1 0.0337319 0.0337319 1
1703 -1 0.0351492 0.0351492 1
1704 -1 0.0379751 0.0379751 1
1705 -1 0.0350257 0.0350257 1
1706 -1 0.0237155 0.0237155 1
1707 -1 0.0245682 0.0245682 1
1708 -1 0.0339073 0.0339073 1
1709 -1 0.0248653 0.0248653 1
1710 -1 0.0280845 0.0280845 1
1711 -1 0.0200519 0.0200519 1
1712 -1 0.031673 0.031673 1
1713 -1 0.0357599 0.0357599 1
1714 -1 0.0348574 0.0348574 1
1715 -1 0.0245684 0.0245684 1
1716 -1 0.0258649 0.0258649 1
1717 -1 0.0328369 0.0328369 1
1718 -1 0.036329 0.036329 1
1719 -1 0.0316957 0.0316957 1
1720 -1 0.0369192 0.0369192 1
1721 -1 0.0340422 0.0340422 1
1722 -1 0.0335808 0.0335808 1
1723 -1 0.0237992 0.0237992 1
1724 -1 0.0429336 0.0429336 1
1725 -1 0.0359448 0.0359448 1
1726 -1 0.0402113 0.0402113 1
1727 -1 0.025254 0.025254 1
1728 -1 0.033663 0.033663 1
1729 -1 0.0307402 0.0307402 1
1730 -1 0.0357262 0.0357262 1
1731 -1 0.0480274 0.0480274 1
1732 -1 0.043675 0.043675 1
1733 -1 0.0337485 0.0337485 1
1734 -1 0.0361328 0.0361328 1
1735 -1 0.0425784 0.0425784 1
1736 -1 0.0261046 0.0261046 1
1737 -1 0.0303998 0.0303998 1
1738 -1 0.031051 0.031051 1
1739 -1 0.0372786 0.0372786 1
1740 -1 0.0293808 0.0293808 1
1741 -1 0.042279 0.042279 1
1742 -1 0.0471678 0.0471678 1
1743 -1 0.0420321 0.0420321 1
1744 -1 0.0344547 0.0344547 1
1745 -1 0.041428 0.041428 1
1746 -1 0.0389865 0.0389865 1
1747 -1 0.0291762 0.0291762 1
1748 -1 0.0278091 0.0278091 1
1749 -1 0.0276924 0.0276924 1
1750 -1 0.0435779 0.0435779 1
1751 -1 0.0372093 0.0372093 1
1752 -1 0.0386496 0.0386496 1
1753 -1 0.0322622 0.0322622 1
1754 -1 0.0304271 0.0304271 1
1755 -1 0.028225 0.028225 1
1756 -1 0.0421798 0.0421798 1
1757 -1 0.0408315 0.0408315 1
1758 -1 0.0309407 0.0309407 1
1759 -1 0.0315551 0.0315551 1
1760 -1 0.0333085 0.0333085 1
1761 -1 0.0262519 0.0262519 1
1762 -1 0.0400718 0.0400718 1
1763 -1 0.0362574 0.0362574 1
1764 -1 0.0243156 0.0243156 1
1765 -1 0.0352664 0.0352664 1
1766 -1 0.0322718 0.0322718 1
1767 -1 0.0278373 0.0278373 1
1768 -1 0.0326169 0.0326169 1
1769 -1 0.0352671 0.0352671 1
1770 -1 0.0536999 0.0536999 1
1771 -1 0.0331427 0.0331427 1
1772 -1 0.0277955 0.0277955 1
1773 -1 0.035411 0.035411 1
1774 -1 0.0226254 0.0226254 1
1775 -1 0.0384908 0.0384908 1
1776 -1 0.038072 0.038072 1
1777 -1 0.0437831 0.0437831 1
1778 -1 0.0456888 0.0456888 1
1779 -1 0.0351525 0.0351525 1
1780 -1 0.0410128 0.0410128 1
1781 -1 0.0290212 0.0290212 1
1782 -1 0.0291792 0.0291792 1
1783 -1 0.0351191 0.0351191 1
1784 -1 0.0395273 0.0395273 1
1785 -1 0.0387702 0.0387702 1
1786 -1 0.0303003 0.0303003 1
1787 -1 0.0301898 0.0301898 1
1788 -1 0.0397299 0.0397299 1
1789 -1 0.0259893 0.0259893 1
1790 -1 0.0291005 0.0291005 1
1791 -1 0.0328443 0.0328443 1
1792 -1 0.0325816 0.0325816 1
1793 -1 0.0498535 0.0498535 1
1794 -1 0.0413244 0.0413244 1
1795 -1 0.0530879 0.0530879 1
1796 -1 0.0462579 0.0462579 1
1797 -1 0.0264457 0.0264457 1
1798 -1 0.0333882 0.0333882 1
1799 -1 0.0298878 0.0298878 1
1800 -1 0.0532338 0.0532338 1
1801 -1 0.0434675 0.0434675 1
1802 -1 0.0439328 0.0439328 1
1803 -1 0.0542229 0.0542229 1
1804 -1 0.046161 0.046161 1
1805 -1 0.0576994 0.0576994 1
1806 -1 0.0322841 0.0322841 1
1807 -1 0.042293 0.042293 1
1808 -1 0.052944 0.052944 1
1809 -1 0.0559123 0.0559123 1
1810 -1 0.0359011 0.0359011 1
1811 -1 0.0421046 0.0421046 1
1812 -1 0.0245643 0.0245643 1
1813 -1 0.0349317 0.0349317 1
1814 -1 0.0513458 0.0513458 1
1815 -1 0.0370639 0.0370639 1
1816 -1 0.0517805 0.0517805 1
1817 -1 0.0330566 0.0330566 1
1818 -1 0.0509934 0.0509934 1
1819 -1 0.0580052 0.0580052 1
1820 -1 0.0478297 0.0478297 1
1821 -1 0.0472214 0.0472214 1
1822 -1 0.0521886 0.0521886 1
1823 -1 0.0410249 0.0410249 1
1824 -1 0.0354839 0.0354839 1
1825 -1 0.0391108 0.0391108 1
1826 -1 0.0421915 0.0421915 1
1827 -1 0.0515669 0.0515669 1
1828 -1 0.0403061 0.0403061 1
1829 -1 0.0529145 0.0529145 1
1830 -1 0.0231386 0.0231386 1
1831 -1 0.0281974 0.0281974 1
1832 -1 0.034384 0.034384 1
1833 -1 0.0325653 0.0325653 1
1834 -1 0.0247363 0.0247363 1
1835 -1 0.0451194 0.0451194 1
1836 -1 0.0335517 0.0335517 1
1837 -1 0.0366786 0.0366786 1
1838 -1 0.0326343 0.0326343 1
1839 -1 0.0314259 0.0314259 1
1840 -1 0.0483918 0.0483918 1
1841 -1 0.0228964 0.0228964 1
1842 -1 0.0344718 0.0344718 1
1843 -1 0.0263013 0.0263013 1
1844 -1 0.0335353 0.0335353 1
1845 -1 0.0391156 0.0391156 1
1846 -1 0.0222178 0.0222178 1
1847 -1 0.0424638 0.0424638 1
1848 -1 0.0255834 0.0255834 1
1849 -1 0.0338941 0.0338941 1
1850 -1 0.0243164 0.0243164 1
1851 -1 0.0324522 0.0324522 1
1852 -1 0.0225787 0.0225787 1
1853 -1 0.046513 0.046513 1
1854 -1 0.0516136 0.0516136 1
1855 -1 0.0280511 0.0280511 1
1856 -1 0.0336312 0.0336312 1
1857 -1 0.0316897 0.0316897 1
1858 -1 0.033855 0.033855 1
1859 -1 0.0239767 0.0239767 1
1860 -1 0.031851 0.031851 1
1861 -1 0.044332 0.044332 1
1862 -1 0.0505905 0.0505905 1
1863 -1 0.0280126 0.0280126 1
1864 -1 0.0247596 0.0247596 1
1865 -1 0.0257118 0.0257118 1
1866 -1 0.0255638 0.0255638 1
1867 -1 0.0445137 0.0445137 1
1868 -1 0.0240794 0.0240794 1
1869 -1 0.0310591 0.0310591 1
1870 -1 0.0253183 0.0253183 1
1871 -1 0.0471723 0.0471723 1
1872 -1 0.0364024 0.0364024 1
1873 -1 0.036722 0.036722 1
1874 -1 0.0432129 0.0432129 1
1875 -1 0.0312186 0.0312186 1
1876 -1 0.031533 0.031533 1
1877 -1 0.0483344 0.0483344 1
1878 -1 0.0375941 0.0375941 1
1879 -1 0.0294444 0.0294444 1
1880 -1 0.0326004 0.0326004 1
1881 -1 0.0240722 0.0240722 1
1882 -1 0.04183 0.04183 1
1883 -1 0.0377006 0.0377006 1
1884 -1 0.0233016 0.0233016 1
1885 -1 0.0387926 0.0387926 1
1886 -1 0.038647 0.038647 1
1887 -1 0.0453124 0.0453124 1
1888 -1 0.038383 0.038383 1
1889 -1 0.0305749 0.0305749 1
1890 -1 0.048993 0.048993 1
1891 -1 0.0280083 0.0280083 1
1892 -1 0.0301473 0.0301473 1
1893 -1 0.0253944 0.0253944 1
1894 -1 0.0508464 0.0508464 1
1895 -1 0.0403989 0.0403989 1
1896 -1 0.0383828 0.0383828 1
1897 -1 0.0481884 0.0481884 1
1898 -1 0.0344925 0.0344925 1
1899 -1 0.0489399 0.0489399 1
1900 -1 0.038163 0.038163 1
1901 -1 0.0535615 0.0535615 1
1902 -1 0.0504078 0.0504078 1
1903 -1 0.0486164 0.0486164 1
1904 -1 0.0634299 0.0634299 1
1905 -1 0.0256316 0.0256316 1
1906 -1 0.0322192 0.0322192 1
1907 -1 0.0307956 0.0307956 1
1908 -1 0.0387738 0.0387738 1
1909 -1 0.0416209 0.0416209 1
1910 -1 0.054946 0.054946 1
1911 -1 0.0390572 0.0390572 1
1912 -1 0.0436764 0.0436764 1
1913 -1 0.0320135 0.0320135 1
1914 -1 0.0566818 0.0566818 1
1915 -1 0.0272324 0.0272324 1
1916 -1 0.0303796 0.0303796 1
1917 -1 0.0280157 0.0280157 1
1918 -1 0.0470804 0.0470804 1
1919 -1 0.0488449 0.0488449 1
1920 -1 0.0365207 0.0365207 1
1921 -1 0.0645609 0.0645609 1
1922 -1 0.0515576 0.0515576 1
1923 -1 0.0404876 0.0404876 1
1924 -1 0.0488848 0.0488848 1
1925 -1 0.0513259 0.0513259 1
1926 -1 0.0452389 0.0452389 1
1927 -1 0.0409443 0.0409443 1
1928 -1 0.0350669 0.0350669 1
1929 -1 0.0269696 0.0269696 1
1930 -1 0.0478886 0.0478886 1
1931 -1 0.029969 0.029969 1
1932 -1 0.0370337 0.0370337 1
1933 -1 0.040699 0.040699 1
1934 -1 0.0436448 0.0436448 1
1935 -1 0.0263841 0.0263841 1
1936 -1 0.0424087 0.0424087 1
1937 -1 0.0432237 0.0432237 1
1938 -1 0.0455146 0.0455146 1
1939 -1 0.0374774 0.0374774 1
1940 -1 0.0330605 0.0330605 1
1941 -1 0.020307 0.020307 1
1942 -1 0.0352585 0.0352585 1
1943 -1 0.034816 0.034816 1
1944 -1 0.0294801 0.0294801 1
1945 -1 0.0375837 0.0375837 1
1946 -1 0.036768 0.036768 1
1947 -1 0.0414819 0.0414819 1
1948 -1 0.0347323 0.0347323 1
1949 -1 0.0377857 0.0377857 1
1950 -1 0.0460903 0.0460903 1
1951 -1 0.0438661 0.0438661 1
1952 -1 0.0406948 0.0406948 1
1953 -1 0.0263967 0.0263967 1
1954 -1 0.0364646 0.0364646 1
1955 -1 0.0450238 0.0450238 1
1956 -1 0.0557696 0.0557696 1
1957 -1 0.0424568 0.0424568 1
1958 -1 0.0493837 0.0493837 1
1959 -1 0.04606 0.04606 1
1960 -1 0.0416366 0.0416366 1
1961 -1 0.0402891 0.0402891 1
1962 -1 0.036197 0.036197 1
1963 -1 0.0411202 0.0411202 1
1964 -1 0.0400874 0.0400874 1
1965 -1 0.0549967 0.0549967 1
1966 -1 0.0373142 0.0373142 1
1967 -1 0.0552263 0.0552263 1
1968 -1 0.043901 0.043901 1
1969 -1 0.0316246 0.0316246 1
1970 -1 0.0521221 0.0521221 1
1971 -1 0.0427776 0.0427776 1
1972 -1 0.0378023 0.0378023 1
1973 -1 0.0393211 0.0393211 1
1974 -1 0.034077 0.034077 1
1975 -1 0.0300386 0.0300386 1
1976 -1 0.0413481 0.0413481 1
1977 -1 0.0488544 0.0488544 1
1978 -1 0.0364397 0.0364397 1
1979 -1 0.0393717 0.0393717 1
1980 -1 0.0363839 0.0363839 1
1981 -1 0.0402317 0.0402317 1
1982 -1 0.0477797 0.0477797 1
1983 -1 0.041522 0.041522 1
1984 -1 0.0221839 0.0221839 1
1985 -1 0.0395903 0.0395903 1
1986 -1 0.0422754 0.0422754 1
1987 -1 0.0605596 0.0605596 1
1988 -1 0.0479756 0.0479756 1
1989 -1 0.0451675 0.0451675 1
1990 -1 0.0381173 0.0381173 1
1991 -1 0.0413993 0.0413993 1
1992 -1 0.049823 0.049823 1
1993 -1 0.0469917 0.0469917 1
1994 -1 0.0457658 0.0457658 1
1995 -1 0.0400206 0.0400206 1
1996 -1 0.045816 0.045816 1
1997 -1 0.0494213 0.0494213 1
1998 -1 0.0340557 0.0340557 1
1999 -1 0.037034 0.037034 1
2000 -1 0.0464251 0.0464251 1
2001 -1 0.0372172 0.0372172 1
2002 -1 0.050685 0.050685 1
2003 -1 0.0403404 0.0403404 1
2004 -1 0.0340169 0.0340169 1
2005 -1 0.0462909 0.0462909 1
2006 -1 0.0336598 0.0336598 1
2007 -1 0.0328624 0.0328624 1
2008 -1 0.0378695 0.0378695 1
2009 -1 0.0448525 0.0448525 1
2010 -1 0.0349355 0.0349355 1
2011 -1 0.0275973 0.0275973 1
2012 -1 0.0400831 0.0400831 1
2013 -1 0.0484027 0.0484027 1
2014 -1 0.0294562 0.0294562 1
2015 -1 0.0385926 0.0385926 1
2016 -1 0.0426714 0.0426714 1
2017 -1 0.0282223 0.0282223 1
2018 -1 0.032344 0.032344 1
2019 -1 0.0299655 0.0299655 1
2020 -1 0.0396993 0.0396993 1
2021 -1 0.0456688 0.0456688 1
2022 -1 0.0440047 0.0440047 1
2023 -1 0.0369474 0.0369474 1
2024 -1 0.0396577 0.0396577 1
2025 -1 0.0411181 0.0411181 1
2026 -1 0.0432935 0.0432935 1
2027 -1 0.0398196 0.0398196 1
2028 -1 0.0342603 0.0342603 1
2029 -1 0.0424397 0.0424397 1
2030 -1 0.0361888 0.0361888 1
2031 -1 0.0378025 0.0378025 1
2032 -1 0.0579258 0.0579258 1
2033 -1 0.0381029 0.0381029 1
2034 -1 0.0287102 0.0287102 1
2035 -1 0.0441616 0.0441616 1
2036 -1 0.0476963 0.0476963 1
2037 -1 0.0198915 0.0198915 1
2038 -1 0.041775 0.041775 1
2039 -1 0.0336161 0.0336161 1
2040 -1 0.0551491 0.0551491 1
2041 -1 0.0406635 0.0406635 1
2042 -1 0.0508484 0.0508484 1
2043 -1 0.0362598 0.0362598 1
2044 -1 0.0467443 0.0467443 1
2045 -1 0.0355452 0.0355452 1
2046 -1 0.0526007 0.0526007 1
2047 -1 0.0361141 0.0361141 1
2048 -1 0.0465055 0.0465055 1
2049 -1 0.030147 0.030147 1
2050 -1 0.0322767 0.0322767 1
2051 -1 0.0387728 0.0387728 1
2052 -1 0.0405199 0.0405199 1
2053 -1 0.0365652 0.0365652 1
2054 -1 0.0443585 0.0443585 1
2055 -1 0.0290934 0.0290934 1
2056 -1 0.0512657 0.0512657 1
2057 -1 0.0430133 0.0430133 1
2058 -1 0.0347278 0.0347278 1
2059 -1 0.0344018 0.0344018 1
2060 -1 0.0236704 0.0236704 1
2061 -1 0.0470677 0.0470677 1
2062 -1 0.0523733 0.0523733 1
2063 -1 0.0428914 0.0428914 1
2064 -1 0.0384765 0.0384765 1
2065 -1 0.0300546 0.0300546 1
2066 -1 0.0353945 0.0353945 1
2067 -1 0.0407369 0.0407369 1
2068 -1 0.0328777 0.0328777 1
2069 -1 0.0518118 0.0518118 1
2070 -1 0.0393422 0.0393422 1
2071 -1 0.0430549 0.0430549 1
2072 -1 0.0438299 0.0438299 1
2073 -1 0.0457312 0.0457312 1
2074 -1 0.0462624 0.0462624 1
2075 -1 0.0470106 0.0470106 1
2076 -1 0.0338137 0.0338137 1
2077 -1 0.0405704 0.0405704 1
2078 -1 0.0467364 0.0467364 1
2079 -1 0.038754 0.038754 1
2080 -1 0.0561888 0.0561888 1
2081 -1 0.0393372 0.0393372 1
2082 -1 0.0322119 0.0322119 1
2083 -1 0.0618516 0.0618516 1
2084 -1 0.0440219 0.0440219 1
2085 -1 0.0547826 0.0547826 1
2086 -1 0.0265866 0.0265866 1
2087 -1 0.0499967 0.0499967 1
2088 -1 0.0351097 0.0351097 1
2089 -1 0.0473636 0.0473636 1
2090 -1 0.0338406 0.0338406 1
2091 -1 0.0448999 0.0448999 1
2092 -1 0.0419395 0.0419395 1
2093 -1 0.0380238 0.0380238 1
2094 -1 0.0621276 0.0621276 1
2095 -1 0.0457892 0.0457892 1
2096 -1 0.0552589 0.0552589 1
2097 -1 0.049442 0.049442 1
2098 -1 0.0436834 0.0436834 1
2099 -1 0.0395354 0.0395354 1
2100 -1 0.0441548 0.0441548 1
2101 -1 0.0482599 0.0482599 1
2102 -1 0.0369385 0.0369385 1
2103 -1 0.0248642 0.0248642 1
2104 -1 0.0376267 0.0376267 1
2105 -1 0.0275465 0.0275465 1
2106 -1 0.0288793 0.0288793 1
2107 -1 0.0386453 0.0386453 1
2108 -1 0.0462047 0.0462047 1
2109 -1 0.0326563 0.0326563 1
2110 -1 0.0412447 0.0412447 1
2111 -1 0.0309817 0.0309817 1
2112 -1 0.0476961 0.0476961 1
2113 -1 0.0324977 0.0324977 1
2114 -1 0.0457527 0.0457527 1
2115 -1 0.0466721 0.0466721 1
2116 -1 0.0585956 0.0585956 1
2117 -1 0.0374906 0.0374906 1
2118 -1 0.0383002 0.0383002 1
2119 -1 0.0358888 0.0358888 1
2120 -1 0.0292578 0.0292578 1
2121 -1 0.0311076 0.0311076 1
2122 -1 0.0381201 0.0381201 1
2123 -1 0.0436925 0.0436925 1
2124 -1 0.0310008 0.0310008 1
2125 -1 0.0404751 0.0404751 1
2126 -1 0.0519768 0.0519768 1
2127 -1 0.0527158 0.0527158 1
2128 -1 0.0305136 0.0305136 1
2129 -1 0.0504389 0.0504389 1
2130 -1 0.0349301 0.0349301 1
2131 -1 0.0268073 0.0268073 1
2132 -1 0.0453209 0.0453209 1
2133 -1 0.0440614 0.0440614 1
2134 -1 0.0305603 0.0305603 1
2135 -1 0.0420232 0.0420232 1
2136 -1 0.0493848 0.0493848 1
2137 -1 0.056077 0.056077 1
2138 -1 0.0625545 0.0625545 1
2139 -1 0.0429407 0.0429407 1
2140 -1 0.038004 0.038004 1
2141 -1 0.0334031 0.0334031 1
2142 -1 0.0356719 0.0356719 1
2143 -1 0.0565916 0.0565916 1
2144 -1 0.0453028 0.0453028 1
2145 -1 0.0390919 0.0390919 1
2146 -1 0.0501799 0.0501799 1
2147 -1 0.0509277 0.0509277 1
2148 -1 0.0471117 0.0471117 1
2149 -1 0.0424615 0.0424615 1
2150 -1 0.0502964 0.0502964 1
2151 -1 0.0623385 0.0623385 1
2152 -1 0.0464922 0.0464922 1
2153 -1 0.0508359 0.0508359 1
2154 -1 0.0474587 0.0474587 1
2155 -1 0.054412 0.054412 1
2156 -1 0.0440438 0.0440438 1
2157 -1 0.0420425 0.0420425 1
2158 -1 0.0313346 0.0313346 1
2159 -1 0.0454186 0.0454186 1
2160 -1 0.0360555 0.0360555 1
2161 -1 0.042475 0.042475 1
2162 -1 0.0323926 0.0323926 1
2163 -1 0.0489922 0.0489922 1
2164 -1 0.033081 0.033081 1
2165 -1 0.0487704 0.0487704 1
2166 -1 0.0554559 0.0554559 1
2167 -1 0.0535524 0.0535524 1
2168 -1 0.0385469 0.0385469 1
2169 -1 0.0390372 0.0390372 1
2170 -1 0.0366924 0.0366924 1
2171 -1 0.0563021 0.0563021 1
2172 -1 0.0410204 0.0410204 1
2173 -1 0.0432619 0.0432619 1
2174 -1 0.048265 0.048265 1
2175 -1 0.0488828 0.0488828 1
2176 -1 0.0529051 0.0529051 1
2177 -1 0.0409767 0.0409767 1
2178 -1 0.0347675 0.0347675 1
2179 -1 0.0478639 0.0478639 1
2180 -1 0.0371442 0.0371442 1
2181 -1 0.0481834 0.0481834 1
2182 -1 0.0499049 0.0499049 1
2183 -1 0.0358806 0.0358806 1
2184 -1 0.0530903 0.0530903 1
2185 -1 0.0543217 0.0543217 1
2186 -1 0.0460359 0.0460359 1
2187 -1 0.0353222 0.0353222 1
2188 -1 0.0516726 0.0516726 1
2189 -1 0.041039 0.041039 1
2190 -1 0.044024 0.044024 1
2191 -1 0.0305165 0.0305165 1
2192 -1 0.0446785 0.0446785 1
2193 -1 0.0434969 0.0434969 1
2194 -1 0.0475089 0.0475089 1
2195 -1 0.0372516 0.0372516 1
2196 -1 0.0318204 0.0318204 1
2197 -1 0.0572131 0.0572131 1
2198 -1 0.0589032 0.0589032 1
2199 -1 0.064378 0.064378 1
2200 -1 0.0628363 0.0628363 1
2201 -1 0.030464 0.030464 1
2202 -1 0.0499181 0.0499181 1
2203 -1 0.0523778 0.0523778 1
2204 -1 0.0347226 0.0347226 1
2205 -1 0.0471282 0.0471282 1
2206 -1 0.0558194 0.0558194 1
2207 -1 0.0532949 0.0532949 1
2208 -1 0.0479837 0.0479837 1
2209 -1 0.0332359 0.0332359 1
2210 -1 0.0271465 0.0271465 1
2211 -1 0.0433418 0.0433418 1
2212 -1 0.0508817 0.0508817 1
2213 -1 0.0594038 0.0594038 1
2214 -1 0.0734278 0.0734278 1
2215 -1 0.0676172 0.0676172 1
2216 -1 0.0925261 0.0925261 1
2217 -1 0.0406935 0.0406935 1
2218 -1 0.0567107 0.0567107 1
2219 -1 0.052657 0.052657 1
2220 -1 0.0603806 0.0603806 1
2221 -1 0.0641844 0.0641844 1
2222 -1 0.0492114 0.0492114 1
2223 -1 0.0462729 0.0462729 1
2224 -1 0.0511609 0.0511609 1
2225 -1 0.0622598 0.0622598 1
2226 -1 0.0568277 0.0568277 1
2227 -1 0.0387905 0.0387905 1
2228 -1 0.0513878 0.0513878 1
2229 -1 0.0396682 0.0396682 1
2230 -1 0.0487002 0.0487002 1
2231 -1 0.0633788 0.0633788 1
2232 -1 0.0438276 0.0438276 1
2233 -1 0.0568324 0.0568324 1
2234 -1 0.0834534 0.0834534 1
2235 -1 0.064721 0.064721 1
2236 -1 0.0358785 0.0358785 1
2237 -1 0.0564345 0.0564345 1
2238 -1 0.0378747 0.0378747 1
2239 -1 0.0573454 0.0573454 1
2240 -1 0.0574213 0.0574213 1
2241 -1 0.0407511 0.0407511 1
2242 -1 0.0569346 0.0569346 1
2243 -1 0.0438766 0.0438766 1
2244 -1 0.0517218 0.0517218 1
2245 -1 0.0436923 0.0436923 1
2246 -1 0.0567122 0.0567122 1
2247 -1 0.0460277 0.0460277 1
2248 -1 0.0486789 0.0486789 1
2249 -1 0.0481494 0.0481494 1
2250 -1 0.0459022 0.0459022 1
2251 -1 0.057086 0.057086 1
2252 -1 0.0403008 0.0403008 1
2253 -1 0.0512069 0.0512069 1
2254 -1 0.0521372 0.0521372 1
2255 -1 0.0563944 0.0563944 1
2256 -1 0.0399707 0.0399707 1
2257 -1 0.0317704 0.0317704 1
2258 -1 0.0583623 0.0583623 1
2259 -1 0.0754663 0.0754663 1
2260 -1 0.0581262 0.0581262 1
2261 -1 0.0539195 0.0539195 1
2262 -1 0.0538973 0.0538973 1
2263 -1 0.0364598 0.0364598 1
2264 -1 0.0374435 0.0374435 1
2265 -1 0.0229637 0.0229637 1
2266 -1 0.0533371 0.0533371 1
2267 -1 0.0686201 0.0686201 1
2268 -1 0.0486967 0.0486967 1
2269 -1 0.039349 0.039349 1
2270 -1 0.0533303 0.0533303 1
2271 -1 0.0488423 0.0488423 1
2272 -1 0.0636477 0.0636477 1
2273 -1 0.0613176 0.0613176 1
2274 -1 0.063978 0.063978 1
2275 -1 0.0516604 0.0516604 1
2276 -1 0.0518468 0.0518468 1
2277 -1 0.0543312 0.0543312 1
2278 -1 0.0544872 0.0544872 1
2279 -1 0.065598 0.065598 1
2280 -1 0.0602339 0.0602339 1
2281 -1 0.0658639 0.0658639 1
2282 -1 0.0658294 0.0658294 1
2283 -1 0.0443349 0.0443349 1
2284 -1 0.0476334 0.0476334 1
2285 -1 0.0464646 0.0464646 1
2286 -1 0.0489476 0.0489476 1
2287 -1 0.0449261 0.0449261 1
2288 -1 0.0514722 0.0514722 1
2289 -1 0.0553856 0.0553856 1
2290 -1 0.071685 0.071685 1
2291 -1 0.0324505 0.0324505 1
2292 -1 0.0531692 0.0531692 1
2293 -1 0.0555272 0.0555272 1
2294 -1 0.0319177 0.0319177 1
2295 -1 0.0485882 0.0485882 1
2296 -1 0.0573801 0.0573801 1
2297 -1 0.0467413 0.0467413 1
2298 -1 0.0500954 0.0500954 1
2299 -1 0.0357136 0.0357136 1
2300 -1 0.0635034 0.0635034 1
2301 -1 0.0563042 0.0563042 1
2302 -1 0.0519354 0.0519354 1
2303 -1 0.047276 0.047276 1
2304 -1 0.0522645 0.0522645 1
2305 -1 0.0407446 0.0407446 1
2306 -1 0.0403563 0.0403563 1
2307 -1 0.0569712 0.0569712 1
2308 -1 0.0510686 0.0510686 1
2309 -1 0.0412482 0.0412482 1
2310 -1 0.0448818 0.0448818 1
2311 -1 0.0505443 0.0505443 1
2312 -1 0.058209 0.058209 1
2313 -1 0.0727581 0.0727581 1
2314 -1 0.0446555 0.0446555 1
2315 -1 0.0439867 0.0439867 1
2316 -1 0.0372663 0.0372663 1
2317 -1 0.0492542 0.0492542 1
2318 -1 0.0564624 0.0564624 1
2319 -1 0.0496086 0.0496086 1
2320 -1 0.0485368 0.0485368 1
2321 -1 0.0485657 0.0485657 1
2322 -1 0.0529144 0.0529144 1
2323 -1 0.0456827 0.0456827 1
2324 -1 0.0530755 0.0530755 1
2325 -1 0.0543491 0.0543491 1
2326 -1 0.0467137 0.0467137 1
2327 -1 0.051481 0.051481 1
2328 -1 0.0347188 0.0347188 1
2329 -1 0.0432472 0.0432472 1
2330 -1 0.0508327 0.0508327 1
2331 -1 0.068818 0.068818 1
2332 -1 0.0668842 0.0668842 1
2333 -1 0.0515063 0.0515063 1
2334 -1 0.0578207 0.0578207 1
2335 -1 0.0722719 0.0722719 1
2336 -1 0.0867941 0.0867941 1
2337 -1 0.0667074 0.0667074 1
2338 -1 0.0493 0.0493 1
2339 -1 0.0777454 0.0777454 1
2340 -1 0.0487856 0.0487856 1
2341 -1 0.0709826 0.0709826 1
2342 -1 0.0666677 0.0666677 1
2343 -1 0.0634602 0.0634602 1
2344 -1 0.0615786 0.0615786 1
2345 -1 0.0528036 0.0528036 1
2346 -1 0.0477371 0.0477371 1
2347 -1 0.0487858 0.0487858 1
2348 -1 0.0950841 0.0950841 1
2349 -1 0.0597218 0.0597218 1
2350 -1 0.0611319 0.0611319 1
2351 -1 0.06157 0.06157 1
2352 -1 0.0599109 0.0599109 1
2353 -1 0.0634943 0.0634943 1
2354 -1 0.0526119 0.0526119 1
2355 -1 0.0541681 0.0541681 1
2356 -1 0.0516163 0.0516163 1
2357 -1 0.0916131 0.0916131 1
2358 -1 0.0685381 0.0685381 1
2359 -1 0.0773945 0.0773945 1
2360 -1 0.0380522 0.0380522 1
2361 -1 0.0608048 0.0608048 1
2362 -1 0.0573589 0.0573589 1
2363 -1 0.0590534 0.0590534 1
2364 -1 0.0459442 0.0459442 1
2365 -1 0.0555507 0.0555507 1
2366 -1 0.0421078 0.0421078 1
2367 -1 0.030599 0.030599 1
2368 -1 0.0715838 0.0715838 1
2369 -1 0.0767086 0.0767086 1
2370 -1 0.0679397 0.0679397 1
2371 -1 0.0577366 0.0577366 1
2372 -1 0.0896902 0.0896902 1
2373 -1 0.0605991 0.0605991 1
2374 -1 0.0651242 0.0651242 1
2375 -1 0.0489559 0.0489559 1
2376 -1 0.0457935 0.0457935 1
2377 -1 0.0480549 0.0480549 1
2378 -1 0.0682397 0.0682397 1
2379 -1 0.0740455 0.0740455 1
2380 -1 0.0662814 0.0662814 1
2381 -1 0.0450593 0.0450593 1
2382 -1 0.0457614 0.0457614 1
2383 -1 0.0500784 0.0500784 1
2384 -1 0.0584138 0.0584138 1
2385 -1 0.0431768 0.0431768 1
2386 -1 0.0438168 0.0438168 1
2387 -1 0.0542659 0.0542659 1
2388 -1 0.069929 0.069929 1
2389 -1 0.0568442 0.0568442 1
2390 -1 0.0585333 0.0585333 1
2391 -1 0.0656384 0.0656384 1
2392 -1 0.0585392 0.0585392 1
2393 -1 0.0738436 0.0738436 1
2394 -1 0.0667691 0.0667691 1
2395 -1 0.0695934 0.0695934 1
2396 -1 0.0682983 0.0682983 1
2397 -1 0.0714321 0.0714321 1
2398 -1 0.0798224 0.0798224 1
2399 -1 0.0759494 0.0759494 1
2400 -1 0.0686015 0.0686015 1
2401 -1 0.125598 0.125598 1
2402 -1 0.0704437 0.0704437 1
2403 -1 0.0971688 0.0971688 1
2404 -1 0.0452679 0.0452679 1
2405 -1 0.0958403 0.0958403 1
2406 -1 0.0983862 0.0983862 1
2407 -1 0.0906615 0.0906615 1
2408 -1 0.0801598 0.0801598 1
2409 -1 0.0633011 0.0633011 1
2410 -1 0.109951 0.109951 1
2411 -1 0.0789139 0.0789139 1
2412 -1 0.0844674 0.0844674 1
2413 -1 0.074971 0.074971 1
2414 -1 0.0643612 0.0643612 1
2415 -1 0.0818661 0.0818661 1
2416 -1 0.0414023 0.0414023 1
2417 -1 0.0682019 0.0682019 1
2418 -1 0.0910944 0.0910944 1
2419 -1 0.0589261 0.0589261 1
2420 -1 0.0847128 0.0847128 1
2421 -1 0.0669775 0.0669775 1
2422 -1 0.0678456 0.0678456 1
2423 -1 0.0709043 0.0709043 1
2424 -1 0.073101 0.073101 1
2425 -1 0.0710126 0.0710126 1
2426 -1 0.0510452 0.0510452 1
2427 -1 0.0790404 0.0790404 1
2428 -1 0.0595669 0.0595669 1
2429 -1 0.0671281 0.0671281 1
2430 -1 0.0613568 0.0613568 1
2431 -1 0.0402579 0.0402579 1
2432 -1 0.0637819 0.0637819 1
2433 -1 0.0495932 0.0495932 1
2434 -1 0.0507839 0.0507839 1
2435 -1 0.0780035 0.0780035 1
2436 -1 0.08214 0.08214 1
2437 -1 0.0654157 0.0654157 1
2438 -1 0.0660456 0.0660456 1
2439 -1 0.0850129 0.0850129 1
2440 -1 0.0705845 0.0705845 1
2441 -1 0.0526948 0.0526948 1
2442 -1 0.0579784 0.0579784 1
2443 -1 0.0770093 0.0770093 1
2444 -1 0.0695409 0.0695409 1
2445 -1 0.0513177 0.0513177 1
2446 -1 0.0441297 0.0441297 1
2447 -1 0.0474485 0.0474485 1
2448 -1 0.0629914 0.0629914 1
2449 -1 0.0754696 0.0754696 1
2450 -1 0.0443846 0.0443846 1
2451 -1 0.0681813 0.0681813 1
2452 -1 0.0596959 0.0596959 1
2453 -1 0.0829556 0.0829556 1
2454 -1 0.0707145 0.0707145 1
2455 -1 0.0510824 0.0510824 1
2456 -1 0.0421978 0.0421978 1
2457 -1 0.056445 0.056445 1
2458 -1 0.0796388 0.0796388 1
2459 -1 0.0803751 0.0803751 1
2460 -1 0.0649221 0.0649221 1
2461 -1 0.0671601 0.0671601 1
2462 -1 0.068055 0.068055 1
2463 -1 0.0490751 0.0490751 1
2464 -1 0.0832351 0.0832351 1
2465 -1 0.0904889 0.0904889 1
2466 -1 0.0548589 0.0548589 1
2467 -1 0.0504654 0.0504654 1
2468 -1 0.0833205 0.0833205 1
2469 -1 0.0710678 0.0710678 1
2470 -1 0.0582867 0.0582867 1
2471 -1 0.0769043 0.0769043 1
2472 -1 0.0924945 0.0924945 1
2473 -1 0.0817514 0.0817514 1
2474 -1 0.0758506 0.0758506 1
2475 -1 0.150203 0.150203 1
2476 -1 0.0892472 0.0892472 1
2477 -1 0.0493258 0.0493258 1
2478 -1 0.089097 0.089097 1
2479 -1 0.115771 0.115771 1
2480 -1 0.0647353 0.0647353 1
2481 -1 0.0786983 0.0786983 1
2482 -1 0.0828632 0.0828632 1
2483 -1 0.0733784 0.0733784 1
2484 -1 0.0720233 0.0720233 1
2485 -1 0.0663945 0.0663945 1
2486 -1 0.0643073 0.0643073 1
2487 -1 0.0903728 0.0903728 1
2488 -1 0.0869501 0.0869501 1
2489 -1 0.0733787 0.0733787 1
2490 -1 0.0608447 0.0608447 1
2491 -1 0.0648716 0.0648716 1
2492 -1 0.0704371 0.0704371 1
2493 -1 0.0462754 0.0462754 1
2494 -1 0.069833 0.069833 1
2495 -1 0.0696993 0.0696993 1
2496 -1 0.0693858 0.0693858 1
2497 -1 0.0562743 0.0562743 1
2498 -1 0.0682118 0.0682118 1
2499 -1 0.0831758 0.0831758 1
2500 -1 0.0613422 0.0613422 1
