200
8 0.0009773 0.0037499 0.26062
9 0.000697 0.0009748 0.715018
10 0.0007003 0.0003497 2.00257
11 0.000571 0.0003862 1.47851
12 0.000437 0.0003409 1.2819
13 0.0003653 0.0002281 1.60149
14 0.0003644 0.0002134 1.70759
15 0.0003763 0.0002971 1.26658
16 0.0003681 0.0002018 1.82408
17 0.0003596 0.0001938 1.85552
18 0.0003624 0.00022 1.64727
19 0.000346 0.0002102 1.64605
20 0.0004526 0.0002019 2.2417
21 0.0003607 0.0002447 1.47405
22 0.000373 0.0003676 1.01469
23 0.0007859 0.0003092 2.54172
24 0.000361 0.0002152 1.67751
25 0.0006132 0.0002056 2.98249
26 0.000509 0.0001981 2.56941
27 0.0004813 0.0002383 2.01972
28 0.0004873 0.000186 2.61989
29 0.0004207 0.0001785 2.35686
30 0.0004958 0.0002078 2.38595
31 0.0004919 0.0002061 2.38671
32 0.0004705 0.0002288 2.05638
33 0.0004468 0.0002065 2.16368
34 0.0004608 0.0002254 2.04437
35 0.000457 0.000214 2.13551
36 0.0003772 0.0002 1.886
37 0.0003034 0.0002013 1.5072
38 0.0006348 0.0002345 2.70704
39 0.000489 0.0002587 1.89022
40 0.0002708 0.0001698 1.59482
