2000
8 0.0061391 0.0053056 1.1571
9 0.0051821 0.0026395 1.96329
10 0.0049114 0.0025364 1.93637
11 0.0046026 0.0023508 1.95789
12 0.0048001 0.0025457 1.88557
13 0.0059257 0.0026578 2.22955
14 0.006031 0.0021464 2.80982
15 0.0053537 0.0020395 2.62501
16 0.006063 0.0016541 3.66544
17 0.0044317 0.0015857 2.79479
18 0.0035386 0.0012267 2.88465
19 0.0061217 0.0020495 2.98692
20 0.0036886 0.0017783 2.07423
21 0.0064876 0.0019488 3.32902
22 0.0043903 0.0015421 2.84696
23 0.0038022 0.0014794 2.5701
24 0.0060142 0.0020699 2.90555
25 0.0064135 0.0019583 3.27503
26 0.0052717 0.001998 2.63849
27 0.0047772 0.0016633 2.87212
28 0.0050456 0.0017521 2.87974
29 0.0046647 0.0015944 2.92568
30 0.0047703 0.0015068 3.16585
31 0.0042357 0.0014714 2.87869
32 0.0042335 0.001377 3.07444
33 0.0046585 0.0015241 3.05656
34 0.0042619 0.0013917 3.06237
35 0.0041277 0.0019456 2.12156
36 0.0043919 0.0017253 2.54559
37 0.0044237 0.0019846 2.22901
38 0.0045671 0.001482 3.08171
39 0.0044915 0.001468 3.0596
40 0.0048828 0.0015651 3.1198
41 0.0044628 0.0016555 2.69574
42 0.0038515 0.0014199 2.71251
43 0.0036748 0.001481 2.4813
44 0.003694 0.0015194 2.43122
45 0.0035783 0.0014302 2.50196
46 0.0035951 0.001676 2.14505
47 0.0035509 0.0014514 2.44653
48 0.0035425 0.0018906 1.87374
49 0.0036756 0.001778 2.06727
50 0.0037467 0.0015417 2.43024
51 0.0037576 0.0013283 2.82888
52 0.0037835 0.0014652 2.58224
53 0.0037599 0.001639 2.29402
54 0.0038016 0.0015643 2.43022
55 0.0037619 0.0013964 2.694
56 0.0035955 0.001523 2.3608
57 0.0061608 0.0017375 3.54578
58 0.003724 0.0011155 3.33841
59 0.0036067 0.0015209 2.37142
60 0.0035762 0.0015774 2.26715
61 0.0056892 0.0017144 3.31848
62 0.0041449 0.0019733 2.10049
63 0.0048182 0.0023918 2.01447
64 0.0072195 0.0021501 3.35775
65 0.0061524 0.0020884 2.94599
66 0.0048223 0.0020889 2.30854
67 0.0047575 0.0019243 2.47233
68 0.0048561 0.0021764 2.23125
69 0.0048933 0.0019266 2.53986
70 0.0048943 0.0021855 2.23944
71 0.0048695 0.0018467 2.63687
72 0.0051453 0.0023385 2.20026
73 0.004853 0.001802 2.69312
74 0.0079044 0.0020904 3.78129
75 0.00672 0.0015452 4.34895
76 0.0050245 0.0020373 2.46625
77 0.0048947 0.0019371 2.52682
78 0.0048778 0.0019131 2.54968
79 0.0049146 0.0020338 2.41646
80 0.0048583 0.0022079 2.20042
81 0.0049629 0.0020693 2.39835
82 0.0047786 0.0018841 2.53628
83 0.0047221 0.0018595 2.53945
84 0.0056395 0.001962 2.87436
85 0.0048549 0.0019768 2.45594
86 0.004846 0.0019755 2.45305
87 0.0047228 0.0018951 2.49211
88 0.0047799 0.0022554 2.11931
89 0.0048207 0.0020142 2.39336
90 0.0048686 0.002124 2.29218
91 0.0048924 0.0019 2.57495
92 0.0076137 0.0020323 3.74635
93 0.0068071 0.002318 2.93663
94 0.0049335 0.0018011 2.73916
95 0.0051404 0.0019653 2.61558
96 0.0048609 0.001837 2.64611
97 0.004851 0.0021509 2.25533
98 0.0049411 0.0018669 2.64669
99 0.0048861 0.0019584 2.49494
100 0.0048921 0.0019683 2.48544
101 0.0049003 0.0021721 2.25602
102 0.0048824 0.0018804 2.59647
103 0.0049254 0.0021401 2.30148
104 0.0048819 0.0021921 2.22704
105 0.0048872 0.0019454 2.51218
106 0.0049363 0.001865 2.64681
107 0.004908 0.0020671 2.37434
108 0.0049689 0.0019216 2.58581
109 0.004842 0.0018594 2.60407
110 0.0049122 0.0022539 2.17942
111 0.0049381 0.0018613 2.65304
112 0.0048709 0.002244 2.17063
113 0.0075891 0.0024189 3.13742
114 0.0050807 0.0020101 2.52759
115 0.007541 0.0020909 3.60658
116 0.0054094 0.0018669 2.89753
117 0.0050054 0.0017485 2.86268
118 0.0049261 0.0019955 2.4686
119 0.0048647 0.0018761 2.59299
120 0.0049273 0.0020575 2.3948
121 0.0048438 0.0018359 2.63838
122 0.0049102 0.0020518 2.39312
123 0.0049333 0.0022574 2.18539
124 0.0048804 0.0018212 2.67977
125 0.0106835 0.0043344 2.46482
126 0.0107418 0.0040376 2.66044
127 0.0107778 0.0040903 2.63497
128 0.0138128 0.0046711 2.95708
129 0.0112499 0.0048017 2.3429
130 0.0136278 0.0048169 2.82916
131 0.0129064 0.0043055 2.99765
132 0.010702 0.0044838 2.38681
133 0.0107776 0.0042057 2.56262
134 0.010718 0.0040939 2.61804
135 0.0108526 0.0043911 2.4715
136 0.0107259 0.0045562 2.35413
137 0.010717 0.0047173 2.27185
138 0.0131828 0.0045666 2.88679
139 0.0129799 0.0047051 2.75869
140 0.0107338 0.004262 2.51849
141 0.010698 0.0042239 2.53273
142 0.0106788 0.0042759 2.49744
143 0.0106849 0.0042783 2.49746
144 0.0106684 0.0044699 2.38672
145 0.0106905 0.0044857 2.38324
146 0.013548 0.0043698 3.10037
147 0.0108532 0.0057045 1.90257
148 0.0129779 0.0052555 2.46939
149 0.012856 0.0050462 2.54766
150 0.0134446 0.0047288 2.84313
151 0.0107079 0.0043691 2.45083
152 0.011109 0.0041192 2.69688
153 0.0141891 0.0042435 3.34373
154 0.0117781 0.004858 2.42448
155 0.0107007 0.0043451 2.46271
156 0.010692 0.0044577 2.39855
157 0.0106765 0.0044969 2.37419
158 0.0107005 0.0044942 2.38096
159 0.0107614 0.0045429 2.36884
160 0.0107915 0.0042141 2.56081
161 0.010784 0.0044043 2.44852
162 0.0134847 0.0046096 2.92535
163 0.0131484 0.0043819 3.00062
164 0.0107276 0.004452 2.40961
165 0.0134684 0.0042593 3.16212
166 0.0128619 0.0045693 2.81485
167 0.0134803 0.0042872 3.14431
168 0.0107377 0.004687 2.29095
169 0.0107747 0.0043095 2.50022
170 0.0108252 0.0046064 2.35003
171 0.0140882 0.0045562 3.09209
172 0.0131609 0.0042966 3.0631
173 0.0107859 0.0042025 2.56654
174 0.0132746 0.0043861 3.02652
175 0.0126308 0.0042262 2.98869
176 0.0109493 0.0042027 2.6053
177 0.0110218 0.0044247 2.49097
178 0.0108726 0.0042827 2.53873
179 0.0107416 0.004145 2.59146
180 0.0108037 0.0044316 2.43788
181 0.0107258 0.0046368 2.31319
182 0.0110127 0.004469 2.46424
183 0.0109304 0.0044449 2.45909
184 0.0130325 0.0042826 3.04313
185 0.0106737 0.0042883 2.48903
186 0.0109808 0.0043803 2.50686
187 0.0115297 0.0040406 2.85346
188 0.0110002 0.0044652 2.46354
189 0.0107374 0.0041409 2.59301
190 0.0106694 0.004403 2.42321
191 0.0106544 0.0040676 2.61933
192 0.0106714 0.004417 2.41598
193 0.0106254 0.0043732 2.42966
194 0.010621 0.0047134 2.25336
195 0.0132242 0.0045031 2.93669
196 0.0150854 0.0071355 2.11413
197 0.0120299 0.0058449 2.05819
198 0.0116643 0.007661 1.52256
199 0.0129366 0.0050656 2.55381
200 0.0110129 0.0049592 2.2207
201 0.0130657 0.004587 2.84842
202 0.0108359 0.0041987 2.58078
203 0.0108525 0.0043203 2.51198
204 0.0108516 0.0044923 2.4156
205 0.0108597 0.0043655 2.48762
206 0.0108656 0.0043369 2.50538
207 0.0109819 0.0043842 2.50488
208 0.01088 0.0041681 2.6103
209 0.0108657 0.0044628 2.43473
210 0.0138831 0.0043723 3.17524
211 0.0120902 0.0043825 2.75875
212 0.0134423 0.00435 3.09018
213 0.0118179 0.0045472 2.59894
214 0.0107496 0.0041601 2.58398
215 0.0107652 0.004069 2.64566
216 0.0107518 0.0041772 2.57393
217 0.0133908 0.0040546 3.30262
218 0.0135213 0.0045672 2.96052
219 0.0118619 0.0059892 1.98055
220 0.0109432 0.0056129 1.94965
221 0.0129188 0.0053227 2.42711
222 0.0134021 0.0043119 3.10817
223 0.0106823 0.0041965 2.54553
224 0.0107762 0.0044628 2.41467
225 0.0107676 0.0044073 2.44313
226 0.0107408 0.0044906 2.39184
227 0.0107617 0.0045188 2.38154
228 0.0107642 0.0041607 2.58711
229 0.0109019 0.0045646 2.38836
230 0.0107809 0.004337 2.4858
231 0.0136114 0.004447 3.06081
232 0.0133012 0.0045797 2.90438
233 0.0132319 0.0045372 2.91631
234 0.0129364 0.0041734 3.09973
235 0.0108351 0.0038768 2.79486
236 0.0108577 0.0040866 2.6569
237 0.010953 0.004157 2.63483
238 0.0109362 0.0043385 2.52073
239 0.0108561 0.004287 2.53233
240 0.0108145 0.0040958 2.64039
241 0.0109686 0.0043514 2.52071
242 0.01101 0.0041288 2.66663
243 0.0109562 0.0043518 2.51762
244 0.0110574 0.0042953 2.5743
245 0.011006 0.0043071 2.55532
246 0.0137106 0.004504 3.04409
247 0.0109651 0.0043918 2.49672
248 0.0107754 0.0043266 2.4905
249 0.0107481 0.0043777 2.45519
250 0.0387708 0.0120868 3.2077
251 0.0391872 0.0330108 1.1871
252 0.0336892 0.016514 2.04004
253 0.0365845 0.0154615 2.36617
254 0.0344628 0.0125307 2.75027
255 0.0335158 0.0122507 2.73583
256 0.0387452 0.0121923 3.17784
257 0.0359091 0.0326252 1.10066
258 0.0334549 0.0195636 1.71006
259 0.0337846 0.0151458 2.23062
260 0.0341767 0.0119957 2.84908
261 0.0335552 0.0120159 2.79257
262 0.0385455 0.0122378 3.14971
263 0.0332192 0.0299548 1.10898
264 0.0345118 0.0205162 1.68217
265 0.0364608 0.0162934 2.23776
266 0.0339993 0.012377 2.74697
267 0.0352404 0.0121125 2.90942
268 0.0380828 0.0121821 3.12613
269 0.0338399 0.0196897 1.71866
270 0.0334434 0.0158044 2.11608
271 0.0338607 0.0123005 2.75279
272 0.0368208 0.0118641 3.10355
273 0.038094 0.0121678 3.13072
274 0.0367614 0.0303972 1.20937
275 0.0357174 0.0197421 1.8092
276 0.0395982 0.016483 2.40237
277 0.0373473 0.0133007 2.80792
278 0.0353604 0.0128013 2.76225
279 0.0432482 0.0187963 2.30089
280 0.0382632 0.0164869 2.32082
281 0.0391175 0.0152165 2.57073
282 0.034823 0.0142634 2.44142
283 0.0339949 0.0118095 2.87861
284 0.0401911 0.0119063 3.37562
285 0.0543567 0.0159967 3.39799
286 0.0442169 0.01206 3.66641
287 0.0500884 0.0128028 3.9123
288 0.0592001 0.0162626 3.64026
289 0.0423291 0.0154576 2.7384
290 0.045738 0.0127854 3.57736
291 0.0514014 0.012032 4.27206
292 0.0532054 0.0156411 3.40164
293 0.0421854 0.0134697 3.13187
294 0.0478568 0.0109513 4.36997
295 0.0562677 0.0159056 3.5376
296 0.036327 0.0155492 2.33626
297 0.0455654 0.0137238 3.32017
298 0.0462924 0.013644 3.39288
299 0.0370235 0.0158006 2.34317
300 0.0445737 0.0149371 2.98409
301 0.0449054 0.0126745 3.54297
302 0.0490546 0.0134422 3.6493
303 0.0330069 0.0143605 2.29845
304 0.0335129 0.0120209 2.78789
305 0.0337694 0.0121672 2.77545
306 0.037803 0.0120165 3.14592
307 0.0340694 0.0153766 2.21567
308 0.035156 0.0120385 2.9203
309 0.033819 0.0116403 2.90534
310 0.0432851 0.0126008 3.43511
311 0.0336173 0.0292946 1.14756
312 0.0342338 0.0153542 2.2296
313 0.0373208 0.0151818 2.45826
314 0.0335359 0.0124649 2.69043
315 0.0337574 0.0119961 2.81403
316 0.0333714 0.0126362 2.64094
317 0.0333045 0.0178066 1.87035
318 0.0340498 0.0141132 2.41262
319 0.0334313 0.0125924 2.65488
320 0.0333728 0.0116826 2.85662
321 0.0333071 0.0123992 2.68623
322 0.0362454 0.0121716 2.97787
323 0.0331817 0.0119111 2.78578
324 0.037954 0.0119094 3.18689
325 0.0335877 0.018832 1.78354
326 0.0355483 0.0141845 2.50614
327 0.0335475 0.0124864 2.68672
328 0.0334174 0.0115306 2.89815
329 0.0393648 0.0122139 3.22295
330 0.0341871 0.0309083 1.10608
331 0.0327022 0.0187681 1.74244
332 0.0355387 0.0151561 2.34484
333 0.0336915 0.0119822 2.8118
334 0.0331459 0.0113506 2.92019
335 0.0373837 0.0121579 3.07485
336 0.0338867 0.0188616 1.7966
337 0.0332825 0.0226059 1.47229
338 0.0366054 0.0166241 2.20195
339 0.0339225 0.0118605 2.86012
340 0.0337868 0.01204 2.80621
341 0.0389681 0.0123124 3.16495
342 0.033465 0.017715 1.88908
343 0.0359777 0.0143258 2.51139
344 0.0332807 0.012535 2.65502
345 0.0334579 0.0124473 2.68796
346 0.0388364 0.0119216 3.25765
347 0.0332593 0.028762 1.15636
348 0.0369701 0.0194317 1.90257
349 0.0327583 0.0173845 1.88434
350 0.0340315 0.0125712 2.7071
351 0.0334325 0.0115176 2.90273
352 0.0386457 0.0114225 3.3833
353 0.0340937 0.0155712 2.18954
354 0.0340973 0.0166273 2.05068
355 0.0335847 0.0121016 2.77523
356 0.0336884 0.0123501 2.72778
357 0.0371907 0.0119787 3.10474
358 0.0340957 0.0152642 2.2337
359 0.0332913 0.0138918 2.39647
360 0.0332457 0.0127052 2.6167
361 0.0383911 0.0122637 3.13047
362 0.033687 0.0178128 1.89117
363 0.0340823 0.0155226 2.19566
364 0.0333846 0.0116411 2.86782
365 0.0338476 0.0122994 2.75197
366 0.0369318 0.0123351 2.99404
367 0.0342448 0.015496 2.20991
368 0.0331229 0.0121271 2.73131
369 0.0337744 0.0121264 2.7852
370 0.0385581 0.0122903 3.13728
371 0.0364755 0.0298562 1.22171
372 0.0334569 0.018406 1.81772
373 0.036878 0.0148871 2.47718
374 0.0335763 0.0122055 2.75092
375 0.0337671 0.0120905 2.79286
376 0.0340789 0.0120829 2.82042
377 0.0339116 0.0164954 2.05582
378 0.0335087 0.0122718 2.73054
379 0.0338083 0.0125318 2.6978
380 0.0380898 0.012218 3.11752
381 0.0337085 0.0303712 1.10988
382 0.0352881 0.0230303 1.53225
383 0.0367317 0.0151466 2.42508
384 0.0341043 0.0118515 2.87764
385 0.034111 0.0125371 2.7208
386 0.0333178 0.0117378 2.8385
387 0.0342654 0.0117552 2.91491
388 0.0332076 0.0129536 2.56358
389 0.0383107 0.0119485 3.20632
390 0.0352004 0.029604 1.18904
391 0.0348589 0.015728 2.21636
392 0.0366688 0.0159398 2.30046
393 0.0337003 0.0126018 2.67424
394 0.0337141 0.011851 2.84483
395 0.0375021 0.0120289 3.11767
396 0.0353582 0.0165987 2.13018
397 0.0332466 0.0127702 2.60345
398 0.0336839 0.0114259 2.94803
399 0.0378355 0.0113401 3.33643
400 0.0344421 0.0189663 1.81596
