200 10 0.0009588 0.0016896 0.567472
200 11 0.0004349 0.0005009 0.868237
200 12 0.0003599 0.0001563 2.30262
200 13 0.000331 0.0001115 2.96861
200 14 0.0003163 0.0001182 2.67597
200 15 0.0003837 0.0001719 2.23211
200 16 0.0003088 0.0001124 2.74733
200 17 0.0003124 9.77e-05 3.19754
200 18 0.0002444 9.13e-05 2.67689
200 19 0.0002957 0.000176 1.68011
200 20 0.0002508 0.0001061 2.36381
200 21 0.0002316 9.85e-05 2.35127
200 22 0.0002279 8.41e-05 2.70987
200 23 0.0002308 0.0001173 1.9676
200 24 0.0003249 9.86e-05 3.29513
200 25 0.0001812 9.89e-05 1.83215
200 26 0.0002213 9.39e-05 2.35676
200 27 0.000294 0.0001137 2.58575
200 28 0.0002243 9.16e-05 2.44869
200 29 0.0001746 9.27e-05 1.8835
200 30 0.0001759 0.0001149 1.5309
200 31 0.0001708 9.59e-05 1.78102
200 32 0.0003211 8.45e-05 3.8
200 33 0.0001789 0.0001005 1.7801
200 34 0.0002314 0.0001175 1.96936
200 35 0.0002257 9.52e-05 2.3708
200 36 0.0003073 0.0001103 2.78604
200 37 0.0003308 0.0001105 2.99367
200 38 0.0003065 0.0001521 2.01512
200 39 0.000219 9.6e-05 2.28125
200 40 0.0001785 0.0002926 0.610048
200 41 0.0002572 0.0001259 2.04289
200 42 0.0002183 9.76e-05 2.23668
200 43 0.0002143 0.000109 1.96606
200 44 0.0002167 0.0001111 1.9505
200 45 0.0002316 0.0001055 2.19526
200 46 0.0002619 0.0001185 2.21013
200 47 0.0002552 9.72e-05 2.62551
200 48 0.0004016 0.0001078 3.72542
200 49 0.0002402 0.0002403 0.999584
200 50 0.0003059 0.0002409 1.26982
200 51 0.0003118 0.000241 1.29378
200 52 0.0003112 0.0002054 1.51509
200 53 0.0003929 0.0002446 1.6063
200 54 0.0003199 0.0002019 1.58445
200 55 0.0004976 0.0001828 2.7221
200 56 0.0003082 0.000248 1.24274
200 57 0.0003827 0.0002046 1.87048
200 58 0.0005362 0.0002515 2.13201
200 59 0.0004844 0.0003024 1.60185
200 60 0.0003199 0.0002408 1.32849
200 61 0.0003285 0.0001932 1.70031
200 62 0.0003049 0.0002538 1.20134
200 63 0.000308 0.0001958 1.57303
200 64 0.0003944 0.0001988 1.9839
200 65 0.0003073 0.000191 1.6089
200 66 0.0003747 0.0002031 1.8449
200 67 0.0003803 0.0002555 1.48845
200 68 0.0005497 0.0002284 2.40674
200 69 0.0003835 0.0002472 1.55138
200 70 0.0003087 0.0001925 1.60364
200 71 0.0003156 0.0002125 1.48518
200 72 0.0002941 0.0002016 1.45883
200 73 0.0004112 0.0002168 1.89668
200 74 0.0003129 0.0002269 1.37902
200 75 0.000303 0.0002113 1.43398
200 76 0.0003968 0.0002517 1.57648
200 77 0.0004835 0.000258 1.87403
200 78 0.0003165 0.0004393 0.720464
200 79 0.0003165 0.0001998 1.58408
200 80 0.0003626 0.000199 1.82211
200 81 0.0004 0.0002224 1.79856
200 82 0.0005582 0.0002332 2.39365
200 83 0.0003985 0.0002004 1.98852
200 84 0.0004015 0.000247 1.62551
200 85 0.0004123 0.0002249 1.83326
200 86 0.0004192 0.0004711 0.889832
200 87 0.0003318 0.0001854 1.78964
200 88 0.0003999 0.0002197 1.82021
200 89 0.0003186 0.0001665 1.91351
200 90 0.0003162 0.0001625 1.94585
200 91 0.0003177 0.0002079 1.52814
200 92 0.0005002 0.0001984 2.52117
200 93 0.0003259 0.0002606 1.25058
200 94 0.0004946 0.0002985 1.65695
200 95 0.0003055 0.000192 1.59115
200 96 0.0003107 0.0002362 1.31541
200 97 0.0003844 0.0002214 1.73622
200 98 0.0003019 0.0001969 1.53327
200 99 0.0003115 0.0002378 1.30992
200 100 0.0007644 0.0007417 1.03061
