1500 10 0.0023171 0.0039861 0.581295
1500 11 0.0017367 0.0006751 2.57251
1500 12 0.0015932 0.0006656 2.39363
1500 13 0.0023139 0.0005882 3.93387
1500 14 0.0020414 0.0007238 2.82039
1500 15 0.0015579 0.0007142 2.18132
1500 16 0.0026013 0.0008012 3.24675
1500 17 0.0021985 0.0007444 2.95339
1500 18 0.0017725 0.0007556 2.34582
1500 19 0.0018154 0.0006642 2.73321
1500 20 0.001539 0.0006793 2.26557
1500 21 0.0015316 0.0006181 2.47792
1500 22 0.0015182 0.0005676 2.67477
1500 23 0.002681 0.0006774 3.95778
1500 24 0.0025192 0.0006826 3.69059
1500 25 0.0019008 0.0006045 3.14442
1500 26 0.0018447 0.0005234 3.52446
1500 27 0.0021467 0.0004302 4.99
1500 28 0.0014716 0.0005035 2.92274
1500 29 0.0014472 0.0005793 2.49819
1500 30 0.0027445 0.0005408 5.07489
1500 31 0.0020811 0.000576 3.61302
1500 32 0.0021262 0.0006497 3.27259
1500 33 0.0014689 0.00055 2.67073
1500 34 0.0014811 0.0007222 2.05082
1500 35 0.0014738 0.0005033 2.92827
1500 36 0.0014928 0.0005857 2.54875
1500 37 0.0014561 0.0005079 2.8669
1500 38 0.0014635 0.0005342 2.73961
1500 39 0.0014556 0.0005155 2.82367
1500 40 0.0014573 0.0005866 2.48432
1500 41 0.0014525 0.0005608 2.59005
1500 42 0.0025013 0.0006754 3.70344
1500 43 0.0016489 0.0006136 2.68726
1500 44 0.0025144 0.0007774 3.23437
1500 45 0.001757 0.000573 3.06632
1500 46 0.0016581 0.0007375 2.24827
1500 47 0.0027624 0.0007456 3.70494
1500 48 0.002472 0.0009631 2.56671
1500 49 0.0023417 0.0008774 2.66891
1500 50 0.0023384 0.0009023 2.5916
1500 51 0.0022819 0.0007532 3.02961
1500 52 0.0025005 0.0011154 2.2418
1500 53 0.0023389 0.0008502 2.751
1500 54 0.0023294 0.0009657 2.41214
1500 55 0.0041815 0.0009267 4.51225
1500 56 0.0022655 0.0008976 2.52395
1500 57 0.0022745 0.0008354 2.72265
1500 58 0.0041738 0.0011817 3.53203
1500 59 0.0023672 0.000877 2.6992
1500 60 0.0023929 0.0009909 2.41488
1500 61 0.0039146 0.00087 4.49954
1500 62 0.00239 0.0008965 2.66592
1500 63 0.0024127 0.0010306 2.34106
1500 64 0.002299 0.0009215 2.49485
1500 65 0.0025018 0.0009826 2.5461
1500 66 0.0024031 0.0008307 2.89286
1500 67 0.0023969 0.0008117 2.95294
1500 68 0.0042112 0.0009699 4.34189
1500 69 0.0023735 0.0008842 2.68435
1500 70 0.0022761 0.0009148 2.48808
1500 71 0.0022905 0.0009028 2.53711
1500 72 0.0023321 0.0008164 2.85657
1500 73 0.0023581 0.0008884 2.65432
1500 74 0.0025069 0.0012612 1.98771
1500 75 0.0023557 0.0008205 2.87105
1500 76 0.0037693 0.0008733 4.31616
1500 77 0.0025247 0.001068 2.36395
1500 78 0.0023166 0.0009623 2.40736
1500 79 0.0024723 0.0009049 2.73213
1500 80 0.0041169 0.0010148 4.05686
1500 81 0.0028768 0.001071 2.68609
1500 82 0.0028813 0.0010255 2.80965
1500 83 0.0042893 0.0010216 4.19861
1500 84 0.0032928 0.0008756 3.76062
1500 85 0.0026747 0.0008436 3.17058
1500 86 0.0035717 0.0009514 3.75415
1500 87 0.0028534 0.0009217 3.0958
1500 88 0.0026739 0.0008025 3.33196
1500 89 0.0030838 0.0010235 3.01299
1500 90 0.0035497 0.0008508 4.17219
1500 91 0.0031461 0.0011854 2.65404
1500 92 0.0029352 0.0010101 2.90585
1500 93 0.0037329 0.0013231 2.82133
1500 94 0.0055209 0.0023054 2.39477
1500 95 0.0059192 0.0021985 2.69238
1500 96 0.0072718 0.0021496 3.38286
1500 97 0.007679 0.0024456 3.13992
1500 98 0.0071267 0.0023586 3.02158
1500 99 0.005256 0.0021553 2.43864
1500 100 0.0052418 0.0020247 2.58893
