2000 10 0.002954 0.004163 0.709584
2000 11 0.0028497 0.0010301 2.76643
2000 12 0.0034402 0.0011056 3.11161
2000 13 0.0044671 0.0009421 4.74164
2000 14 0.0031486 0.0010165 3.09749
2000 15 0.0023211 0.0009705 2.39165
2000 16 0.0020973 0.0007506 2.79416
2000 17 0.0022065 0.0007878 2.80084
2000 18 0.0021847 0.0007296 2.99438
2000 19 0.0025843 0.0008652 2.98694
2000 20 0.0021427 0.000918 2.3341
2000 21 0.0021177 0.0007121 2.97388
2000 22 0.0021073 0.000729 2.89067
2000 23 0.0021219 0.0007951 2.66872
2000 24 0.0033782 0.0007931 4.25949
2000 25 0.0034114 0.0007533 4.52861
2000 26 0.0021572 0.0006741 3.20012
2000 27 0.0022378 0.0008122 2.75523
2000 28 0.002276 0.000762 2.98688
2000 29 0.0021649 0.0008 2.70612
2000 30 0.0035643 0.0010077 3.53706
2000 31 0.0026482 0.0009142 2.89674
2000 32 0.0024635 0.0008523 2.89041
2000 33 0.0024352 0.0008476 2.87305
2000 34 0.002338 0.0008788 2.66045
2000 35 0.0023252 0.0008721 2.66621
2000 36 0.0023531 0.0008497 2.76933
2000 37 0.0023346 0.0008687 2.68746
2000 38 0.0025758 0.0008927 2.8854
2000 39 0.0023989 0.0009018 2.66012
2000 40 0.0050226 0.0010327 4.86356
2000 41 0.0030967 0.0012068 2.56604
2000 42 0.0030014 0.0009402 3.1923
2000 43 0.0030487 0.0008848 3.44564
2000 44 0.0036869 0.0010997 3.35264
2000 45 0.0024878 0.0008406 2.95955
2000 46 0.0028853 0.0009832 2.9346
2000 47 0.0024384 0.0008064 3.02381
2000 48 0.0026113 0.0008309 3.14274
2000 49 0.0024842 0.0009198 2.7008
2000 50 0.0024149 0.0007945 3.03952
2000 51 0.0039254 0.0008468 4.63557
2000 52 0.0024929 0.0010397 2.39771
2000 53 0.002327 0.000864 2.69329
2000 54 0.0024494 0.0008112 3.01948
2000 55 0.0023846 0.00095 2.51011
2000 56 0.0042318 0.0008588 4.92757
2000 57 0.0022939 0.0007807 2.93826
2000 58 0.0024627 0.0010462 2.35395
2000 59 0.0023451 0.0008468 2.76937
2000 60 0.0023256 0.0008129 2.86087
2000 61 0.0023428 0.000787 2.97687
2000 62 0.003352 0.00132 2.53939
2000 63 0.0044896 0.0016187 2.77358
2000 64 0.0041927 0.0018386 2.28038
2000 65 0.0040962 0.0016061 2.5504
2000 66 0.0064029 0.0016495 3.88172
2000 67 0.0052073 0.0012847 4.05332
2000 68 0.0053179 0.0015276 3.48121
2000 69 0.0051725 0.0017867 2.895
2000 70 0.0042783 0.001632 2.62151
2000 71 0.004328 0.001586 2.72888
2000 72 0.0071416 0.0014899 4.79334
2000 73 0.0050859 0.0012606 4.03451
2000 74 0.0058082 0.0017678 3.28555
2000 75 0.0052315 0.0014943 3.50097
2000 76 0.0058728 0.001864 3.15064
2000 77 0.0050527 0.0014969 3.37544
2000 78 0.0042675 0.0018496 2.30726
2000 79 0.0041276 0.0015129 2.72827
2000 80 0.0065418 0.0017082 3.82965
2000 81 0.0051083 0.0016752 3.04937
2000 82 0.0042175 0.0018893 2.23231
2000 83 0.0041631 0.0015954 2.60944
2000 84 0.0043987 0.0016902 2.60247
2000 85 0.0040912 0.0016042 2.55031
2000 86 0.0048298 0.0020534 2.3521
2000 87 0.0054282 0.0017172 3.16108
2000 88 0.0048159 0.0016037 3.00299
2000 89 0.005475 0.0017771 3.08086
2000 90 0.0063002 0.0016225 3.88302
2000 91 0.0056165 0.0016194 3.46826
2000 92 0.004888 0.0017782 2.74885
2000 93 0.0044487 0.0017131 2.59687
2000 94 0.0058918 0.001981 2.97415
2000 95 0.0050536 0.0018345 2.75476
2000 96 0.0048933 0.0022238 2.20042
2000 97 0.0048915 0.001824 2.68174
2000 98 0.0067324 0.0017042 3.95048
2000 99 0.0059027 0.0016641 3.54708
2000 100 0.0042368 0.0014041 3.01745
