800 10 0.0008832 0.0035428 0.249294
800 11 0.0008841 0.0004115 2.14848
800 12 0.0009141 0.0003754 2.435
800 13 0.0013676 0.0003364 4.0654
800 14 0.0012575 0.0003186 3.94696
800 15 0.0010957 0.0003159 3.4685
800 16 0.0009473 0.0002767 3.42356
800 17 0.0011213 0.0003275 3.42382
800 18 0.0008388 0.0002564 3.27145
800 19 0.0008426 0.0002862 2.9441
800 20 0.0007563 0.0002761 2.73922
800 21 0.0007645 0.0002627 2.91016
800 22 0.0014884 0.0002833 5.25379
800 23 0.0008557 0.0003158 2.70963
800 24 0.0013515 0.0003002 4.502
800 25 0.0012338 0.0002735 4.51115
800 26 0.0007356 0.000283 2.59929
800 27 0.0007323 0.0002618 2.79717
800 28 0.0007344 0.0002807 2.61632
800 29 0.0013015 0.0003291 3.95473
800 30 0.0008591 0.0003443 2.49521
800 31 0.0008163 0.0002818 2.89674
800 32 0.0007441 0.0003606 2.06351
800 33 0.0007338 0.0002881 2.54703
800 34 0.0007466 0.000297 2.5138
800 35 0.0007524 0.0002975 2.52908
800 36 0.0007267 0.00028 2.59536
800 37 0.0007294 0.0002857 2.55303
800 38 0.0007313 0.0002636 2.77428
800 39 0.0007423 0.0002665 2.78537
800 40 0.0007452 0.0002774 2.68637
800 41 0.0010765 0.0003065 3.51223
800 42 0.0013621 0.0003657 3.72464
800 43 0.0008405 0.0003546 2.37028
800 44 0.00082 0.0002971 2.76001
800 45 0.0012708 0.0002839 4.47622
800 46 0.0009303 0.0003121 2.98078
800 47 0.0013684 0.0003646 3.75315
800 48 0.0013372 0.0004689 2.85178
800 49 0.0015633 0.0003844 4.06686
800 50 0.0022017 0.0005885 3.74121
800 51 0.0016368 0.0006296 2.59975
800 52 0.0013654 0.0005902 2.31345
800 53 0.0017052 0.0004775 3.5711
800 54 0.0018505 0.0005161 3.58555
800 55 0.0016157 0.0005442 2.96895
800 56 0.0019281 0.000532 3.62425
800 57 0.0016598 0.0006806 2.43873
800 58 0.0014927 0.0006563 2.27442
800 59 0.0019406 0.000555 3.49658
800 60 0.0018638 0.000605 3.08066
800 61 0.001288 0.0005006 2.57291
800 62 0.0014275 0.0005034 2.83572
800 63 0.0013585 0.0004914 2.76455
800 64 0.0014298 0.0005062 2.82458
800 65 0.0013001 0.0006322 2.05647
800 66 0.0023544 0.0006982 3.3721
800 67 0.0014983 0.0006158 2.4331
800 68 0.0013856 0.0005354 2.58797
800 69 0.0012841 0.0005219 2.46043
800 70 0.0012556 0.0005865 2.14084
800 71 0.0023686 0.0006965 3.40072
800 72 0.0013826 0.0005537 2.49702
800 73 0.001241 0.0004889 2.53835
800 74 0.0012582 0.0005711 2.20312
800 75 0.0012556 0.0004804 2.61366
800 76 0.0013375 0.0005103 2.62101
800 77 0.001257 0.0005691 2.20875
800 78 0.0012504 0.0005554 2.25135
800 79 0.0012502 0.0006711 1.86291
800 80 0.0013145 0.0006347 2.07106
800 81 0.0021107 0.0007171 2.94338
800 82 0.0019821 0.000599 3.30902
800 83 0.002538 0.0005864 4.3281
800 84 0.0020325 0.0006011 3.3813
800 85 0.0016299 0.0005779 2.82038
800 86 0.0015781 0.0004513 3.49679
800 87 0.0013227 0.0004578 2.88925
800 88 0.0018437 0.0004543 4.05833
800 89 0.0019545 0.0006434 3.03777
800 90 0.0016444 0.0006154 2.67208
800 91 0.0013358 0.0005778 2.31187
800 92 0.0014197 0.0005162 2.75029
800 93 0.0019435 0.0005364 3.62323
800 94 0.0024017 0.0007821 3.07083
800 95 0.0020419 0.0005302 3.85119
800 96 0.0017184 0.0005272 3.25948
800 97 0.0016859 0.000574 2.93711
800 98 0.0016298 0.0006024 2.70551
800 99 0.0017037 0.0005889 2.89302
800 100 0.0037962 0.0013345 2.84466
