1000
8 0.0029508 0.004051 0.728413
9 0.0034778 0.0013325 2.60998
10 0.0035245 0.0012559 2.80635
11 0.0027591 0.0010922 2.52619
12 0.0021449 0.0011395 1.88232
13 0.0021081 0.0010475 2.01251
14 0.0021139 0.0008551 2.47211
15 0.0019351 0.0010136 1.90914
16 0.0016699 0.0008682 1.9234
17 0.0016385 0.0006767 2.42131
18 0.0015695 0.0009029 1.73829
19 0.0015984 0.0008366 1.91059
20 0.0016058 0.0007775 2.06534
21 0.0016067 0.000942 1.70563
22 0.0016299 0.0009083 1.79445
23 0.0016523 0.0009398 1.75814
24 0.0029844 0.0008031 3.7161
25 0.0026763 0.0008203 3.26259
26 0.0025124 0.0008012 3.1358
27 0.0016896 0.0005778 2.9242
28 0.0015922 0.0007771 2.0489
29 0.0015635 0.0005888 2.6554
30 0.0015834 0.0007684 2.06065
31 0.0015078 0.0006535 2.30727
32 0.0014569 0.0006176 2.35897
33 0.0025922 0.0007871 3.29336
34 0.001666 0.0007981 2.08746
35 0.001467 0.0007118 2.06097
36 0.0014607 0.0007115 2.05299
37 0.0014725 0.0006296 2.33879
38 0.0014761 0.0005849 2.52368
39 0.001481 0.000712 2.08006
40 0.0014401 0.0006865 2.09774
41 0.0014381 0.0006516 2.20703
42 0.0015359 0.0006205 2.47526
43 0.0014421 0.0006759 2.1336
44 0.0023094 0.0007767 2.97335
45 0.0016305 0.0007855 2.07575
46 0.0014521 0.0006159 2.35769
47 0.001477 0.0005482 2.69427
48 0.0014643 0.0006819 2.14738
49 0.0027592 0.0006897 4.00058
50 0.0016691 0.0007039 2.37122
51 0.0014381 0.0006591 2.18191
52 0.0014742 0.0007544 1.95414
53 0.0014359 0.0006025 2.38324
54 0.0014528 0.0006826 2.12833
55 0.0017234 0.0006819 2.52735
56 0.0014455 0.0006241 2.31614
57 0.0014475 0.0006142 2.35672
58 0.001446 0.0006755 2.14064
59 0.0014499 0.0006974 2.07901
60 0.001547 0.0006468 2.39177
61 0.0025548 0.0006476 3.94503
62 0.001952 0.001015 1.92315
63 0.002303 0.0010156 2.26763
64 0.0024813 0.0010225 2.4267
65 0.0023626 0.0011005 2.14684
66 0.0023612 0.0011794 2.00203
67 0.0037316 0.0010911 3.42003
68 0.0034513 0.0010226 3.37502
69 0.0037234 0.0009521 3.91072
70 0.003821 0.0013026 2.93336
71 0.0024269 0.001139 2.13073
72 0.0022685 0.0009147 2.48005
73 0.002428 0.0011405 2.12889
74 0.0022919 0.0009898 2.31552
75 0.0022277 0.0010519 2.11779
76 0.0022231 0.0011369 1.95541
77 0.002359 0.0009939 2.37348
78 0.002358 0.0009695 2.43218
79 0.0022135 0.0010195 2.17116
80 0.0022742 0.0010424 2.1817
81 0.0022479 0.0009979 2.25263
82 0.0023838 0.0010704 2.22702
83 0.0023749 0.0010955 2.16787
84 0.0023417 0.0011188 2.09305
85 0.0022132 0.001231 1.79789
86 0.0022477 0.0010177 2.20861
87 0.0023776 0.0011449 2.07669
88 0.0024474 0.0009949 2.45995
89 0.0022002 0.0013038 1.68753
90 0.0021541 0.0010289 2.0936
91 0.0022093 0.0011625 1.90047
92 0.0034187 0.0010013 3.41426
93 0.0039398 0.001047 3.76294
94 0.0025964 0.0010555 2.45988
95 0.0030173 0.0010339 2.91837
96 0.0030005 0.0012932 2.32021
97 0.0028043 0.0010416 2.6923
98 0.0024934 0.0009147 2.72592
99 0.0023785 0.0010219 2.32753
100 0.002448 0.0009584 2.55426
101 0.002366 0.0010161 2.32851
102 0.0022347 0.0010097 2.21323
103 0.0024245 0.0011718 2.06904
104 0.0021929 0.0010551 2.07838
105 0.0022942 0.0012117 1.89337
106 0.0022021 0.001176 1.87253
107 0.0036669 0.0013911 2.63597
108 0.0029032 0.0011711 2.47904
109 0.0022497 0.001033 2.17783
110 0.003196 0.0011093 2.8811
111 0.0027831 0.0012858 2.16449
112 0.0022547 0.0010336 2.1814
113 0.002326 0.0012192 1.90781
114 0.0023796 0.0011315 2.10305
115 0.0022471 0.0008864 2.53509
116 0.0022616 0.0009785 2.31129
117 0.0021746 0.0010597 2.05209
118 0.0024011 0.0010489 2.28916
119 0.0023021 0.0009543 2.41234
120 0.0021693 0.0009444 2.29701
121 0.0022077 0.0011611 1.90139
122 0.0022899 0.001001 2.28761
123 0.0022973 0.0010207 2.25071
124 0.002173 0.0009186 2.36556
125 0.0051388 0.0026028 1.97434
126 0.0051113 0.0025399 2.0124
127 0.0051962 0.0030623 1.69683
128 0.0051316 0.0025886 1.98238
129 0.0051745 0.0024312 2.12837
130 0.005301 0.0024632 2.15208
131 0.0051204 0.0022829 2.24294
132 0.0051038 0.0024372 2.09412
133 0.0051764 0.002234 2.3171
134 0.0051597 0.0024346 2.11932
135 0.0081201 0.0021795 3.72567
136 0.0056441 0.0024093 2.34263
137 0.0062971 0.0028333 2.22253
138 0.005516 0.0029157 1.89183
139 0.0051325 0.0025454 2.01638
140 0.0051686 0.0024171 2.13835
141 0.0051196 0.0023569 2.17218
142 0.0052261 0.0024307 2.15004
143 0.0052065 0.0024123 2.15831
144 0.005266 0.0023906 2.20279
145 0.00509 0.0021118 2.41027
146 0.0052371 0.0024164 2.16732
147 0.0052372 0.0025226 2.07611
148 0.0052263 0.0023481 2.22576
149 0.0051555 0.0024922 2.06865
150 0.0053205 0.0024326 2.18717
151 0.0052612 0.0025863 2.03426
152 0.0050937 0.002283 2.23114
153 0.0052275 0.0026473 1.97465
154 0.0051246 0.0026123 1.96172
155 0.0051986 0.0024459 2.12543
156 0.0050918 0.0022104 2.30356
157 0.005119 0.0026152 1.9574
158 0.0052468 0.0025235 2.07918
159 0.0052632 0.0023226 2.26608
160 0.0051476 0.0026199 1.96481
161 0.0051317 0.0022828 2.24798
162 0.0051633 0.0026205 1.97035
163 0.0051668 0.0023694 2.18064
164 0.0054534 0.002541 2.14616
165 0.0052061 0.0022361 2.32821
166 0.0050939 0.002194 2.32174
167 0.0052013 0.0024493 2.12359
168 0.005218 0.0025613 2.03725
169 0.0050959 0.0022343 2.28076
170 0.0064391 0.0027548 2.33741
171 0.0050966 0.0026689 1.90963
172 0.0076748 0.0024758 3.09993
173 0.0064931 0.0027333 2.37555
174 0.0052592 0.0026159 2.01047
175 0.0051939 0.0026596 1.95289
176 0.0074578 0.0024124 3.09144
177 0.0077629 0.0028557 2.71839
178 0.0075996 0.0023062 3.29529
179 0.0053553 0.0023965 2.23463
180 0.0064272 0.0024245 2.65094
181 0.0051009 0.0025228 2.02192
182 0.0050786 0.0023542 2.15725
183 0.0051845 0.0025857 2.00507
184 0.0080132 0.0026296 3.04731
185 0.0072299 0.0025438 2.84217
186 0.0057914 0.0023666 2.44714
187 0.0051104 0.0022934 2.22831
188 0.0051347 0.0022709 2.26109
189 0.0052611 0.0024561 2.14205
190 0.0051715 0.0024593 2.10283
191 0.0050977 0.0022564 2.25922
192 0.0052554 0.0023917 2.19735
193 0.0051419 0.0021269 2.41756
194 0.0053295 0.0024368 2.18709
195 0.0051587 0.0026204 1.96867
196 0.0052171 0.0021886 2.38376
197 0.0050924 0.0025256 2.01631
198 0.0064306 0.0022617 2.84326
199 0.0051047 0.0025203 2.02543
200 0.0052577 0.0025487 2.06289
