800
8 0.0025262 0.00439 0.575444
9 0.0020414 0.0008343 2.44684
10 0.0021394 0.0008531 2.5078
11 0.0025644 0.0012459 2.05827
12 0.0033042 0.0009462 3.49207
13 0.0022895 0.0008288 2.76243
14 0.0020011 0.0007695 2.60052
15 0.0014681 0.0006276 2.33923
16 0.0014758 0.0007064 2.08918
17 0.0026886 0.0008104 3.31762
18 0.0017615 0.0008753 2.01245
19 0.0014414 0.0007626 1.89011
20 0.0014389 0.0006443 2.23328
21 0.001457 0.0008654 1.68361
22 0.0014618 0.0007272 2.01018
23 0.0026506 0.0007034 3.76827
24 0.0017557 0.0008649 2.02995
25 0.0012231 0.0005892 2.07587
26 0.0012155 0.000645 1.8845
27 0.0012128 0.0006407 1.89293
28 0.001231 0.0005496 2.23981
29 0.001218 0.0006233 1.95412
30 0.0012159 0.0007353 1.65361
31 0.0012236 0.0005561 2.20032
32 0.0012213 0.0005996 2.03686
33 0.0012241 0.0007285 1.6803
34 0.0012756 0.0005789 2.20349
35 0.0022141 0.0008234 2.68897
36 0.001521 0.0006326 2.40436
37 0.0012994 0.0008729 1.4886
38 0.0012539 0.0005884 2.13103
39 0.0012839 0.0006602 1.94471
40 0.0013636 0.0006505 2.09623
41 0.0012729 0.0007052 1.80502
42 0.0022022 0.0006945 3.17091
43 0.0014996 0.0007112 2.10855
44 0.0013124 0.000704 1.8642
45 0.0013839 0.000771 1.79494
46 0.0012589 0.0007188 1.75139
47 0.001275 0.0008754 1.45648
48 0.0012728 0.0006505 1.95665
49 0.0012301 0.0006175 1.99206
50 0.0016921 0.0008056 2.10042
51 0.0015794 0.0007732 2.04268
52 0.0015779 0.000751 2.10107
53 0.0016701 0.0007709 2.16643
54 0.0015722 0.0008108 1.93907
55 0.0016583 0.0007523 2.20431
56 0.0016209 0.0009293 1.74422
57 0.0015401 0.0008067 1.90914
58 0.0015536 0.000775 2.00465
59 0.0015545 0.000827 1.87969
60 0.0015766 0.0008063 1.95535
61 0.001602 0.000894 1.79195
62 0.0016017 0.0009427 1.69906
63 0.001731 0.0009312 1.85889
64 0.0015515 0.000811 1.91307
65 0.00156 0.000718 2.1727
66 0.0015543 0.0007848 1.9805
67 0.0015854 0.0007946 1.99522
68 0.001596 0.0008638 1.84765
69 0.0016133 0.0008562 1.88426
70 0.001609 0.000818 1.96699
71 0.001616 0.0009058 1.78406
72 0.0016176 0.0009068 1.78386
73 0.0031849 0.0009089 3.50413
74 0.0016085 0.0010946 1.46949
75 0.0030061 0.0008863 3.39174
76 0.0019299 0.0008471 2.27824
77 0.0016081 0.0009724 1.65374
78 0.0018309 0.0008762 2.08959
79 0.0016001 0.0007434 2.15241
80 0.001645 0.0009474 1.73633
81 0.0016134 0.0008599 1.87626
82 0.0016111 0.0009421 1.71012
83 0.0016099 0.0008069 1.99517
84 0.0016648 0.0009169 1.81568
85 0.001594 0.0008058 1.97816
86 0.0015549 0.0008772 1.77257
87 0.0019271 0.0007576 2.54369
88 0.001575 0.0008971 1.75566
89 0.0015903 0.0009521 1.67031
90 0.0027979 0.0010258 2.72753
91 0.0024199 0.0008067 2.99975
92 0.0021123 0.0008227 2.56752
93 0.0016456 0.0008456 1.94607
94 0.0020078 0.000785 2.55771
95 0.0021792 0.0009277 2.34904
96 0.0021747 0.0010519 2.0674
97 0.001873 0.0008213 2.28053
98 0.0015808 0.0009951 1.58858
99 0.0017866 0.0007989 2.23632
100 0.0032785 0.001482 2.21221
101 0.0033415 0.001787 1.86989
102 0.0045647 0.0017842 2.5584
103 0.0044058 0.0018557 2.3742
104 0.0058864 0.0016932 3.47649
105 0.0038748 0.0010706 3.61928
106 0.0051605 0.0017933 2.87766
107 0.0051506 0.0018386 2.80137
108 0.0034234 0.0022146 1.54583
109 0.0038393 0.0018174 2.11252
110 0.0048884 0.0019305 2.53219
111 0.0056481 0.0021595 2.61547
112 0.0052441 0.0017372 3.01871
113 0.0039654 0.0018201 2.17867
114 0.0050404 0.0019642 2.56613
115 0.0042351 0.0018574 2.28012
116 0.0041757 0.0018621 2.24247
117 0.0045363 0.001742 2.60408
118 0.003516 0.0017213 2.04264
119 0.0039439 0.0019919 1.97997
120 0.0037699 0.0018472 2.04087
121 0.0038705 0.0019486 1.9863
122 0.003737 0.0018079 2.06704
123 0.0034423 0.0018648 1.84594
124 0.0034761 0.0014902 2.33264
125 0.0033794 0.0016511 2.04676
126 0.0033622 0.0016412 2.04862
127 0.0032397 0.0016329 1.98402
128 0.0032183 0.0019221 1.67437
129 0.0054675 0.0015196 3.59799
130 0.0034204 0.0010377 3.29614
131 0.0032162 0.0011912 2.69997
132 0.0033471 0.0018166 1.84251
133 0.00325 0.001614 2.01363
134 0.0032562 0.0016497 1.97381
135 0.0033068 0.0017604 1.87844
136 0.0033206 0.0018713 1.77449
137 0.0052756 0.0018882 2.79398
138 0.0039139 0.0012964 3.01905
139 0.0033167 0.0019961 1.66159
140 0.003288 0.0018089 1.81768
141 0.0032309 0.0017803 1.81481
142 0.0033321 0.0014216 2.34391
143 0.003183 0.0017494 1.81948
144 0.0032302 0.0017078 1.89144
145 0.0031846 0.0017556 1.81397
146 0.0031796 0.0018653 1.70461
147 0.005748 0.0016416 3.50146
148 0.0032571 0.0010144 3.21086
149 0.0032673 0.0016566 1.97229
150 0.0032228 0.001602 2.01174
151 0.0032294 0.0016659 1.93853
152 0.0032101 0.001795 1.78836
153 0.0031615 0.0016478 1.91862
154 0.0031812 0.0018181 1.74974
155 0.0031827 0.0016946 1.87814
156 0.0031671 0.0016015 1.97758
157 0.0032074 0.00176 1.82239
158 0.0031903 0.0017458 1.82741
159 0.0031657 0.0016146 1.96067
160 0.0031697 0.0017992 1.76173
