1000 10 0.0015495 0.0037823 0.409671
1000 11 0.0013997 0.0004863 2.87826
1000 12 0.0010262 0.0004418 2.32277
1000 13 0.0009845 0.0004489 2.19314
1000 14 0.0016993 0.0004919 3.45456
1000 15 0.0013097 0.0004035 3.24585
1000 16 0.0020381 0.0004566 4.46364
1000 17 0.0013138 0.0004504 2.91696
1000 18 0.0019506 0.0003449 5.65555
1000 19 0.0014181 0.0003906 3.63057
1000 20 0.0012599 0.000349 3.61003
1000 21 0.0011114 0.0002973 3.73831
1000 22 0.0009267 0.000272 3.40699
1000 23 0.000921 0.0003021 3.04866
1000 24 0.0008972 0.0002977 3.01377
1000 25 0.0008995 0.0003339 2.69392
1000 26 0.0009075 0.0003386 2.68015
1000 27 0.0017207 0.0003087 5.57402
1000 28 0.0010204 0.0003106 3.28525
1000 29 0.0009206 0.0003519 2.61608
1000 30 0.0008918 0.0003453 2.58268
1000 31 0.0010189 0.000369 2.76125
1000 32 0.0010429 0.0004985 2.09208
1000 33 0.0010473 0.0003944 2.65543
1000 34 0.0010698 0.0003623 2.9528
1000 35 0.0010525 0.0003783 2.78218
1000 36 0.0010647 0.000396 2.68864
1000 37 0.0010759 0.0003745 2.8729
1000 38 0.0010664 0.0004825 2.21016
1000 39 0.0010962 0.0003743 2.92867
1000 40 0.0010968 0.0004241 2.58618
1000 41 0.001082 0.0004322 2.50347
1000 42 0.0010608 0.0004095 2.59048
1000 43 0.0010731 0.0003614 2.96929
1000 44 0.001163 0.0007449 1.56128
1000 45 0.0010857 0.0003777 2.8745
1000 46 0.001095 0.0004219 2.5954
1000 47 0.0010941 0.0004374 2.50137
1000 48 0.0011314 0.0003818 2.96333
1000 49 0.0011037 0.0004113 2.68344
1000 50 0.0011007 0.0004617 2.38402
1000 51 0.0012656 0.0004573 2.76755
1000 52 0.0010892 0.0004713 2.31105
1000 53 0.0011145 0.0004123 2.70313
1000 54 0.001785 0.0004031 4.42818
1000 55 0.0016104 0.0004667 3.45061
1000 56 0.001174 0.000543 2.16206
1000 57 0.0013592 0.0004308 3.15506
1000 58 0.001226 0.0005354 2.28988
1000 59 0.0011684 0.0004539 2.57414
1000 60 0.0014886 0.0006356 2.34204
1000 61 0.00141 0.0004699 3.00064
1000 62 0.0024766 0.0007592 3.26212
1000 63 0.002875 0.0008935 3.21768
1000 64 0.0026156 0.0008218 3.18277
1000 65 0.0027699 0.0008666 3.19628
1000 66 0.0026257 0.0008335 3.15021
1000 67 0.0031859 0.000903 3.52813
1000 68 0.0027149 0.0008928 3.04088
1000 69 0.0026906 0.0008187 3.28643
1000 70 0.0029506 0.0009199 3.20752
1000 71 0.0027454 0.0007646 3.59064
1000 72 0.0023674 0.0008939 2.64839
1000 73 0.0027495 0.0007963 3.45284
1000 74 0.0026474 0.0008417 3.1453
1000 75 0.0022148 0.0007641 2.89857
1000 76 0.0026943 0.0008345 3.22864
1000 77 0.0026813 0.0007896 3.39577
1000 78 0.0027347 0.0009374 2.91732
1000 79 0.0027246 0.0007835 3.47747
1000 80 0.0029895 0.0007914 3.77748
1000 81 0.0024643 0.0012427 1.98302
1000 82 0.0026814 0.0007695 3.4846
1000 83 0.0025223 0.0010834 2.32813
1000 84 0.0025489 0.0008512 2.99448
1000 85 0.0021856 0.0007986 2.73679
1000 86 0.0020189 0.0007713 2.61753
1000 87 0.0021729 0.0009255 2.34781
1000 88 0.0037712 0.0008792 4.28935
1000 89 0.0020592 0.0008428 2.44328
1000 90 0.0020466 0.0008868 2.30785
1000 91 0.0022204 0.0009695 2.29025
1000 92 0.0021596 0.0008702 2.48173
1000 93 0.0021435 0.0009041 2.37087
1000 94 0.0020407 0.000803 2.54134
1000 95 0.002044 0.0008547 2.39148
1000 96 0.0021115 0.0010344 2.04128
1000 97 0.0021211 0.0008603 2.46554
1000 98 0.003145 0.0008487 3.70567
1000 99 0.0020586 0.0008541 2.41026
1000 100 0.0020708 0.0008706 2.37859
