1500
8 0.0043523 0.0060379 0.72083
9 0.008006 0.0020645 3.87794
10 0.0053526 0.0014131 3.78784
11 0.0048737 0.0015973 3.05121
12 0.0037656 0.0012891 2.92111
13 0.0036771 0.0013996 2.62725
14 0.003651 0.0013328 2.73935
15 0.0037965 0.0015539 2.44321
16 0.0060452 0.0012742 4.74431
17 0.0065855 0.0015237 4.32205
18 0.0040017 0.0013106 3.05333
19 0.0036892 0.0016344 2.25722
20 0.0037779 0.0016204 2.33146
21 0.0037347 0.0013497 2.76706
22 0.0037421 0.0013731 2.72529
23 0.0049201 0.0012151 4.04913
24 0.0027586 0.0011156 2.47275
25 0.0042028 0.0011765 3.57229
26 0.0053116 0.0013259 4.00603
27 0.0032629 0.0012355 2.64096
28 0.0030838 0.0010514 2.93304
29 0.0050323 0.0015502 3.24623
30 0.0036593 0.0011722 3.12174
31 0.0031418 0.0012016 2.61468
32 0.00488 0.001379 3.5388
33 0.0032295 0.0013018 2.4808
34 0.0031156 0.0012374 2.51786
35 0.0030609 0.0012584 2.43237
36 0.0030789 0.0010415 2.95622
37 0.0030732 0.0012018 2.55716
38 0.0035288 0.0012385 2.84925
39 0.0048935 0.001234 3.96556
40 0.0036227 0.001173 3.08841
41 0.0035341 0.0011859 2.9801
42 0.0031664 0.0010757 2.94357
43 0.0032662 0.0010261 3.18312
44 0.0042701 0.0013411 3.18403
45 0.0037234 0.0012248 3.04001
46 0.0040905 0.0012986 3.14993
47 0.0037544 0.0016797 2.23516
48 0.0033732 0.0014157 2.38271
49 0.0034637 0.0013554 2.55548
50 0.0037657 0.0014284 2.63631
51 0.0035898 0.0013739 2.61285
52 0.0042888 0.001178 3.64075
53 0.0038622 0.0012735 3.03274
54 0.0036009 0.0013574 2.65279
55 0.0032986 0.0012795 2.57804
56 0.003556 0.0014509 2.45089
57 0.0033691 0.0012875 2.61678
58 0.0032955 0.0014516 2.27025
59 0.0051693 0.0014491 3.56725
60 0.0056874 0.0016653 3.41524
61 0.0040406 0.0015639 2.58367
62 0.0043873 0.0016188 2.71022
63 0.0034141 0.0015574 2.19218
64 0.0041953 0.001374 3.05335
65 0.0044193 0.0012832 3.44397
66 0.004416 0.001433 3.08165
67 0.0036843 0.0015718 2.344
68 0.0036667 0.0014839 2.47099
69 0.0046637 0.0015703 2.96994
70 0.0042092 0.0016093 2.61555
71 0.0036268 0.0013292 2.72856
72 0.003591 0.001323 2.71429
73 0.0052591 0.0014361 3.66207
74 0.0039234 0.0014103 2.78196
75 0.0035715 0.0013809 2.58636
76 0.0038755 0.0014795 2.61947
77 0.0033248 0.0013468 2.46867
78 0.0031317 0.0013959 2.2435
79 0.0034809 0.0013104 2.65636
80 0.0035201 0.0014653 2.40231
81 0.0036975 0.0012533 2.95021
82 0.0032505 0.0013654 2.38062
83 0.0031314 0.0012591 2.48701
84 0.0031303 0.0014642 2.13789
85 0.0031504 0.0013948 2.25868
86 0.003314 0.0012756 2.59799
87 0.0034234 0.0016763 2.04224
88 0.0033345 0.0014115 2.36238
89 0.0034006 0.0014169 2.40003
90 0.0033018 0.0015613 2.11478
91 0.003398 0.0013344 2.54646
92 0.0053864 0.0012788 4.21207
93 0.0039413 0.0016914 2.3302
94 0.0057621 0.0025763 2.23658
95 0.0056655 0.0022179 2.55444
96 0.0089686 0.0024793 3.61739
97 0.0074797 0.002722 2.74787
98 0.0057436 0.0023475 2.44669
99 0.0056388 0.0022995 2.45219
100 0.0056583 0.0024821 2.27964
101 0.0055819 0.0024775 2.25304
102 0.0055985 0.0024556 2.27989
103 0.0086631 0.0026058 3.32455
104 0.007082 0.0024916 2.84235
105 0.0056809 0.0024225 2.34506
106 0.0056902 0.0023521 2.4192
107 0.0077369 0.0026755 2.89176
108 0.0076454 0.0028752 2.65908
109 0.0057523 0.0026591 2.16325
110 0.0056402 0.0024649 2.28821
111 0.0056352 0.002251 2.50342
112 0.0056659 0.0022994 2.46408
113 0.0057894 0.0025493 2.27098
114 0.0056835 0.0023448 2.42387
115 0.005667 0.0027168 2.08591
116 0.005632 0.0025859 2.17797
117 0.0056991 0.0023852 2.38936
118 0.0056429 0.0024824 2.27316
119 0.005672 0.0024504 2.31472
120 0.0070303 0.0026282 2.67495
121 0.005714 0.0022248 2.56832
122 0.005761 0.0026535 2.17109
123 0.0056417 0.0026028 2.16755
124 0.0056713 0.0027892 2.03331
125 0.0057205 0.0025807 2.21665
126 0.0057152 0.0023897 2.3916
127 0.0061428 0.0025779 2.38287
128 0.0067847 0.0021488 3.15744
129 0.0084652 0.0027721 3.05371
130 0.0078278 0.0030519 2.56489
131 0.0059862 0.0025276 2.36833
132 0.0057093 0.0025378 2.2497
133 0.0057239 0.0025416 2.25209
134 0.0056788 0.0025232 2.25063
135 0.0056623 0.002663 2.12629
136 0.0057475 0.0022591 2.54415
137 0.005727 0.0023351 2.45257
138 0.0057149 0.0024974 2.28834
139 0.0057201 0.0023712 2.41232
140 0.0057364 0.0023747 2.41563
141 0.0057378 0.0025754 2.22793
142 0.0057238 0.0024228 2.36247
143 0.0056802 0.0026623 2.13357
144 0.0056807 0.0023397 2.42796
145 0.0057188 0.0024106 2.37236
146 0.0057251 0.0024047 2.3808
147 0.0057106 0.0024283 2.35169
148 0.0056522 0.0023527 2.40243
149 0.005669 0.0025935 2.18585
150 0.0056805 0.0024999 2.27229
151 0.0056767 0.0022951 2.4734
152 0.0083965 0.0025958 3.23465
153 0.0094719 0.0028207 3.358
154 0.0087391 0.0024542 3.56088
155 0.005868 0.0026243 2.23602
156 0.0057346 0.0026318 2.17896
157 0.005694 0.0025347 2.24642
158 0.0057012 0.0028098 2.02904
159 0.0059845 0.0023024 2.59924
160 0.0056944 0.0024224 2.35073
161 0.0057665 0.0024825 2.32286
162 0.0057076 0.0023725 2.40573
163 0.008286 0.0024655 3.36078
164 0.0076635 0.0027885 2.74825
165 0.0058022 0.0022628 2.56417
166 0.0057336 0.0023747 2.41445
167 0.0056945 0.0024229 2.35028
168 0.0056914 0.0024584 2.31508
169 0.0056678 0.002319 2.44407
170 0.0057112 0.0026592 2.14771
171 0.0058755 0.0023833 2.46528
172 0.0056852 0.0022784 2.49526
173 0.0091128 0.0025771 3.53607
174 0.0075307 0.0025575 2.94456
175 0.0065857 0.0022608 2.913
176 0.0056729 0.0023177 2.44764
177 0.00565 0.0023931 2.36095
178 0.0056654 0.0023311 2.43035
179 0.0056498 0.0022194 2.54564
180 0.0056557 0.0021245 2.66213
181 0.0056673 0.0024875 2.27831
182 0.0057021 0.0024392 2.33769
183 0.0057229 0.0023552 2.4299
184 0.0057006 0.0023802 2.39501
185 0.005675 0.0024237 2.34146
186 0.0057183 0.0022794 2.50869
187 0.0105021 0.0045351 2.31574
188 0.0194811 0.0063271 3.07899
189 0.0205774 0.0061663 3.33707
190 0.0167406 0.0092299 1.81374
191 0.0178079 0.006821 2.61075
192 0.0172924 0.0059681 2.89747
193 0.0184154 0.0061822 2.97878
194 0.0174348 0.0061287 2.84478
195 0.0157319 0.006509 2.41695
196 0.0159128 0.0058926 2.70047
197 0.0156353 0.0059149 2.64338
198 0.0172528 0.0059944 2.87815
199 0.019666 0.0099128 1.9839
200 0.0164483 0.0101368 1.62263
201 0.01735 0.007178 2.41711
202 0.0174477 0.0072395 2.41007
203 0.0175661 0.006452 2.72258
204 0.0157994 0.0058556 2.69817
205 0.0157127 0.0061568 2.55209
206 0.0156719 0.0058411 2.68304
207 0.0157592 0.006087 2.58899
208 0.0159713 0.0063455 2.51695
209 0.0156972 0.0065461 2.39795
210 0.0156718 0.0062396 2.51167
211 0.0164441 0.0107271 1.53295
212 0.0167164 0.0110203 1.51687
213 0.017925 0.0071316 2.51346
214 0.0159754 0.0075543 2.11474
215 0.0175837 0.0062484 2.81411
216 0.0156269 0.0061986 2.52104
217 0.0217673 0.0061083 3.56356
218 0.0173829 0.0065118 2.66945
219 0.0160531 0.0061878 2.59431
220 0.0166811 0.0061823 2.6982
221 0.0162159 0.0171302 0.946626
222 0.0159936 0.0131897 1.21258
223 0.0166151 0.0096551 1.72086
224 0.0173564 0.0111996 1.54973
225 0.0175792 0.0073101 2.40478
226 0.0169307 0.007481 2.26316
227 0.0174933 0.0066926 2.61383
228 0.0157876 0.0063683 2.47909
229 0.0154542 0.0059584 2.59368
230 0.015864 0.0060427 2.62532
231 0.0159448 0.0059993 2.65778
232 0.0166465 0.006426 2.59049
233 0.0160243 0.0106321 1.50716
234 0.0165632 0.0108085 1.53242
235 0.015845 0.0084101 1.88404
236 0.0195069 0.0069365 2.81221
237 0.0159866 0.0062256 2.56788
238 0.0174653 0.0059218 2.94932
239 0.01729 0.005948 2.90686
240 0.0157459 0.0060367 2.60836
241 0.0176773 0.0065476 2.69981
242 0.0189927 0.005902 3.21801
243 0.0176882 0.0110843 1.59579
244 0.0158665 0.0093908 1.68958
245 0.0180303 0.0068125 2.64665
246 0.0195958 0.0073348 2.67162
247 0.0157409 0.0061752 2.54905
248 0.0157551 0.0063304 2.4888
249 0.0158811 0.0058955 2.69377
250 0.0203693 0.0061686 3.30209
251 0.0157876 0.0062607 2.5217
252 0.0156831 0.0061255 2.5603
253 0.0166111 0.0127356 1.3043
254 0.0162642 0.0105259 1.54516
255 0.0178716 0.007025 2.544
256 0.0192627 0.0075662 2.54589
257 0.0157163 0.0061675 2.54824
258 0.0156743 0.0059803 2.62099
259 0.015967 0.0061986 2.5759
260 0.0157749 0.0064484 2.44633
261 0.0162212 0.006017 2.69589
262 0.0157859 0.006409 2.46308
263 0.0158318 0.00649 2.43941
264 0.0157223 0.0062913 2.49905
265 0.0157272 0.0064531 2.43715
266 0.0159501 0.0061151 2.60831
267 0.0164741 0.0170694 0.965125
268 0.0164787 0.0145294 1.13416
269 0.0175988 0.0111615 1.57674
270 0.0175469 0.0080787 2.172
271 0.0219231 0.007467 2.936
272 0.0174154 0.006546 2.66046
273 0.0158797 0.0062539 2.53917
274 0.0155693 0.0061643 2.52572
275 0.0158731 0.0060431 2.62665
276 0.0157599 0.0062206 2.5335
277 0.015843 0.0069139 2.29147
278 0.0158552 0.0062584 2.53343
279 0.015617 0.005995 2.605
280 0.0156792 0.005999 2.61364
281 0.0157772 0.006464 2.44078
282 0.0163742 0.0180458 0.907369
283 0.0199991 0.0144215 1.38676
284 0.0170808 0.0111991 1.52519
285 0.0170153 0.0073241 2.32319
286 0.0180236 0.0072395 2.48962
287 0.0173824 0.0063755 2.72644
288 0.0158553 0.0062061 2.55479
289 0.0158794 0.0062418 2.54404
290 0.0158785 0.0062525 2.53954
291 0.0156005 0.0062208 2.5078
292 0.0179602 0.0071373 2.51639
293 0.0179597 0.0064068 2.80322
294 0.0157899 0.0059914 2.63543
295 0.0159881 0.0063708 2.50959
296 0.015939 0.0063661 2.50373
297 0.0160679 0.0110326 1.4564
298 0.0180208 0.0101506 1.77534
299 0.0177371 0.0071461 2.48207
300 0.019856 0.0070184 2.82913
