100 10 0.0014121 0.0013119 1.07638
100 11 0.0001546 0.0001581 0.977862
100 12 0.0001909 0.0001544 1.2364
100 13 0.0001558 9.35e-05 1.66631
100 14 0.000126 8.72e-05 1.44495
100 15 0.0001208 0.0001031 1.17168
100 16 0.0001218 9.25e-05 1.31676
100 17 0.0001441 0.0001081 1.33302
100 18 0.0001808 8.28e-05 2.18357
100 19 0.0001624 8.1e-05 2.00494
100 20 0.000162 9.78e-05 1.65644
100 21 0.0001494 6.82e-05 2.19062
100 22 0.0001507 7.02e-05 2.14672
100 23 0.0001654 6.7e-05 2.46866
100 24 0.000148 5.93e-05 2.49578
100 25 0.0001746 7.42e-05 2.3531
100 26 0.0001429 7.4e-05 1.93108
100 27 0.0001074 8.12e-05 1.32266
100 28 0.0001823 8.02e-05 2.27307
100 29 0.0001427 0.0001049 1.36034
100 30 0.000136 7.78e-05 1.74807
100 31 0.0001152 7.1e-05 1.62254
100 32 0.0001481 7.75e-05 1.91097
100 33 0.0001388 0.0001109 1.25158
100 34 0.0001802 7.17e-05 2.51325
100 35 0.0001177 6.84e-05 1.72076
100 36 0.0001333 7.71e-05 1.72892
100 37 0.0001631 7.3e-05 2.23425
100 38 0.0001301 7.16e-05 1.81704
100 39 0.0001044 7.94e-05 1.31486
100 40 0.0001295 9.33e-05 1.388
100 41 0.0001483 7.72e-05 1.92098
100 42 0.000122 7.51e-05 1.6245
100 43 0.0001275 7.58e-05 1.68206
100 44 0.0001262 7.81e-05 1.61588
100 45 0.0001458 7.93e-05 1.83859
100 46 0.0001122 9.84e-05 1.14024
100 47 0.0001258 0.0001315 0.956654
100 48 0.0001926 0.0001438 1.33936
100 49 0.0001093 9.89e-05 1.10516
100 50 0.0001678 0.0001386 1.21068
100 51 0.0002234 0.0001687 1.32424
100 52 0.0001957 0.0001379 1.41914
100 53 0.0001959 0.0001334 1.46852
100 54 0.0002596 0.0001724 1.5058
100 55 0.0002163 0.0001629 1.32781
100 56 0.0001564 0.000152 1.02895
100 57 0.0002298 0.0001848 1.24351
100 58 0.0001618 0.0001542 1.04929
100 59 0.0001998 0.0001489 1.34184
100 60 0.0002395 0.0001437 1.66667
100 61 0.000161 0.0001878 0.857295
100 62 0.0002579 0.000178 1.44888
100 63 0.0002266 0.0001696 1.33608
100 64 0.0001533 0.0001742 0.880023
100 65 0.0001591 0.0001703 0.934234
100 66 0.0001546 0.0001475 1.04814
100 67 0.0003012 0.0001892 1.59197
100 68 0.000224 0.0001914 1.17032
100 69 0.0001504 0.0001663 0.90439
100 70 0.0001566 0.0001751 0.894346
100 71 0.0002077 0.0001783 1.16489
100 72 0.0001535 0.0001622 0.946363
100 73 0.0002259 0.0001911 1.1821
100 74 0.000187 0.000168 1.1131
100 75 0.0001967 0.0001975 0.995949
100 76 0.0002727 0.0002133 1.27848
100 77 0.0002344 0.0002031 1.15411
100 78 0.0002379 0.0001622 1.46671
100 79 0.0002199 0.0001777 1.23748
100 80 0.0002132 0.000176 1.21136
100 81 0.000205 0.0001619 1.26621
100 82 0.0002091 0.0001992 1.0497
100 83 0.0002015 0.0001545 1.30421
100 84 0.0002085 0.0001719 1.21291
100 85 0.000251 0.0001699 1.47734
100 86 0.00024 0.0001856 1.2931
100 87 0.000218 0.0001947 1.11967
100 88 0.0002508 0.0001927 1.3015
100 89 0.000211 0.0001716 1.2296
100 90 0.000171 0.0001403 1.21882
100 91 0.0002018 0.000157 1.28535
100 92 0.0001922 0.0001479 1.29953
100 93 0.0001549 0.0001416 1.09393
100 94 0.0001688 0.0001551 1.08833
100 95 0.000198 0.0001585 1.24921
100 96 0.0001915 0.0001512 1.26653
100 97 0.0001615 0.0001508 1.07095
100 98 0.0001898 0.0001738 1.09206
100 99 0.0003409 0.0002176 1.56664
100 100 0.0003826 0.0003855 0.992477
